5987805379208
5987805379268
5987805379328
5987805379389
5987805379450
5987805379515
5987805379577
5987805379638
5987805379698
5987805379759
5987805379820
5987805379962
5987805380022
5987805380104
5987805380170
5987805380255
5987805380322
5987805380385
5987805380446
5987805380507
5987805380566
5987805380628
5987805380687
5987805380733
5987805380778
5987805380824
5987805380871
5987805380931
5987805380992
5987805381052
5987805381151
5987805381213
5987805381274
5987805381335
5987805381396
5987805381457
5987805381519
5987805381579
5987805381640
5987805381705
5987805382014
5987805382075
5987805382137
5987805382198
5987805382259
5987805382320
5987805382381
5987805382441
5987805382503
5987805382565
5987805383006
5987805383084
5987805383144
5987805383206
5987805383268
5987805383328
5987805383389
5987805383455
5987805383515
5987805383577
5987805383637
5987805383697
5987805383760
5987805383897
5987805384667
5987805384727
5987805384789
5987805384850
5987805384910
5987805384972
5987805385033
5987805385094
5987805385154
5987805385288
5987805385793
5987805385853
5987805385913
5987805385974
5987805386034
5987805386094
5987805386156
5987805386217
5987805386277
5987805386338
5987805386415
5987805387151
5987805387843
5987805387903
5987805387963
5987805388026
5987805388088
5987805388150
5987805388211
5987805388271
5987805388332
5987805388470
5987805388626
5987805388687
5987805388749
5987805388811
5987805388859
5987805388929
5987805388990
5987805389051
5987805389112
5987805389173
5987805389463
5987805389524
5987805389587
5987805389649
5987805389710
5987805389759
5987805389831
5987805389892
5987805389954
5987805390017
5987805390077
5987805390138
5987805390199
5987805390259
5987805390322
5987805390449
5987805390964
5987805391037
5987805391097
5987805391158
5987805391219
5987805391280
5987805391342
5987805391402
5987805391463
5987805391526
5987805391623
5987805392026
5987805392274
5987805392346
5987805392405
5987805392466
5987805392527
5987805392587
5987805392648
5987805392710
5987805392795
5987805392873
5987805392933
5987805392995
5987805393061
5987805393122
5987805393183
5987805393244
5987805393312
5987805393371
5987805393432
5987805393492
5987805393553
5987805393615
5987805393676
5987805393736
5987805393798
5987805393858
5987805393919
5987805393980
5987805394041
5987805394102
5987805394163
5987805394223
5987805394284
5987805394345
5987805394405
5987805394466
5987805394530
5987805394590
5987805394651
5987805394712
5987805394773
5987805394834
5987805394896
5987805394956
5987805395017
5987805395079
5987805395139
5987805395200
5987805395261
5987805395322
5987805395382
5987805395443
5987805395504
5987805395564
5987805395617
5987805395707
5987805395767
5987805395829
5987805395895
5987805395955
5987805396033
5987805396081
5987805396142
5987805396208
5987805396269
5987805396330
5987805396392
5987805396456
5987805396516
5987805396582
5987805396717
5987805397797
5987805398905
5987805399642
5987805400364
5987805401040
5987805401338
5987805402200
5987805402702
5987805402777
5987805402861
5987805402926
5987805403025
5987805403104
5987805403165
5987805403225
5987805403289
5987805403351
5987805403417
5987805403479
5987805403540
5987805403601
5987805403663
5987805403782
5987805404548
5987805404607
5987805404668
5987805404730
5987805404790
5987805404851
5987805404916
5987805405020
5987805405082
5987805405143
5987805405204
5987805405266
5987805405404
5987805405531
5987805406246
5987805406300
5987805407242
5987805407302
5987805407363
5987805407424
5987805407486
5987805407540
5987805407608
5987805407670
5987805407727
5987805407790
5987805407849
5987805407911
5987805407971
5987805408033
5987805408094
5987805408156
5987805408218
5987805408279
5987805408339
5987805408400
5987805408460
5987805408520
5987805408588
5987805408717
5987805408967
5987805409031
5987805409091
5987805409158
5987805409213
5987805409274
5987805409355
5987805409438
5987805409540
5987805409600
5987805409662
5987805409723
5987805409783
5987805409852
5987805409910
5987805409971
5987805410033
5987805410093
5987805410146
5987805410208
5987805410268
5987805410328
5987805410390
5987805410454
5987805410516
5987805410576
5987805410640
5987805410699
5987805410760
5987805410822
5987805410983
5987805411153
5987805411213
5987805411274
5987805411334
5987805411396
5987805411456
5987805411517
5987805411579
5987805411639
5987805411700
5987805411761
5987805411822
5987805411882
5987805411944
5987805412007
5987805412067
5987805412141
5987805412216
5987805412276
5987805412338
5987805412399
5987805412459
5987805412521
5987805412583
5987805412710
5987805412771
5987805412831
5987805412891
5987805412955
5987805413016
5987805413081
5987805413142
5987805413204
5987805413264
5987805413325
5987805413385
5987805413682
5987805413743
5987805413808
5987805413869
5987805413927
5987805413987
5987805414055
5987805414133
5987805414197
5987805414260
5987805414322
5987805414383
5987805414445
5987805414507
5987805414566
5987805414628
5987805414689
5987805414750
5987805414818
5987805414879
5987805414940
5987805415001
5987805415061
5987805415123
5987805415184
5987805415249
5987805415311
5987805415373
5987805415434
5987805415495
5987805415558
5987805415618
5987805415678
5987805415739
5987805415800
5987805415860
5987805415921
5987805415981
5987805416142
5987805416203
5987805416265
5987805416326
5987805416380
5987805416450
5987805416511
5987805416572
5987805416701
5987805417525
5987805417597
5987805417651
5987805417712
5987805417774
5987805417833
5987805417897
5987805417956
5987805418019
5987805418079
5987805418139
5987805418200
5987805418261
5987805418321
5987805418405
5987805418465
5987805418541
5987805418607
5987805418667
5987805418728
5987805418773
5987805418868
5987805418929
5987805418990
5987805419050
5987805419110
5987805419171
5987805419231
5987805419292
5987805419353
5987805419414
5987805419474
5987805419535
5987805419595
5987805419656
5987805419785
5987805419857
5987805419962
5987805420023
5987805420083
5987805420150
5987805420208
5987805420268
5987805420330
5987805420391
5987805420450
5987805420511
5987805420573
5987805420636
5987805420693
5987805420770
5987805420816
5987805420876
5987805420937
5987805420999
5987805421058
5987805421125
5987805421185
5987805421245
5987805421306
5987805421368
5987805421428
5987805421488
5987805421550
5987805421611
5987805421676
5987805421738
5987805421798
5987805421859
5987805421921
5987805421982
5987805422043
5987805422104
5987805422165
5987805422225
5987805422289
5987805422404
5987805423015
5987805423075
5987805423137
5987805423197
5987805423258
5987805423321
5987805423381
5987805423442
5987805423503
5987805423564
5987805424053
5987805424111
5987805424172
5987805424234
5987805424295
5987805424356
5987805424418
5987805424478
5987805424538
5987805424600
5987805424661
5987805424721
5987805424783
5987805424938
5987805426045
5987805426217
5987805426278
5987805426340
5987805426401
5987805426462
5987805426523
5987805426584
5987805426646
5987805426709
5987805426859
5987805427185
5987805427242
5987805427303
5987805427365
5987805427429
5987805427490
5987805427563
5987805427615
5987805427676
5987805427738
5987805427798
5987805427858
5987805427920
5987805427981
5987805429111
5987805429226
5987805429287
5987805429349
5987805429410
5987805429471
5987805429533
5987805429595
5987805429656
5987805429717
5987805429832
5987805430943
5987805431172
5987805431233
5987805431294
5987805431355
5987805431416
5987805431477
5987805431538
5987805431599
5987805431661
5987805431735
5987805432446
5987805432509
5987805432571
5987805432631
5987805432691
5987805432754
5987805432815
5987805432875
5987805432937
5987805433099
5987805433343
5987805433401
5987805433462
5987805433524
5987805433584
5987805433645
5987805433706
5987805433769
5987805433829
5987805433890
5987805433950
5987805434010
5987805434072
5987805434132
5987805434949
5987805435010
5987805435072
5987805435133
5987805435194
5987805435256
5987805435316
5987805435377
5987805435439
5987805435579
5987805436485
5987805436546
5987805436608
5987805436669
5987805436730
5987805436790
5987805436850
5987805436910
5987805436971
5987805437031
5987805437190
5987805437249
5987805437309
5987805437370
5987805437431
5987805437492
5987805437553
5987805437641
5987805437768
5987805437830
5987805437886
5987805437946
5987805438002
5987805438086
5987805438169
5987805438221
5987805438293
5987805438338
5987805438429
5987805438474
5987805438520
5987805438565
5987805438661
5987805438722
5987805438783
5987805438845
5987805438905
5987805438955
5987805439043
5987805439128
5987805439174
5987805439277
5987805439359
5987805439418
5987805439479
5987805439537
5987805439582
5987805439628
5987805439712
5987805439773
5987805439835
5987805439896
5987805439957
5987805440018
5987805440079
5987805440139
5987805440200
5987805440260
5987805440321
5987805440405
5987805441582
5987805441791
5987805441851
5987805441913
5987805441962
5987805442038
5987805442098
5987805442160
5987805442222
5987805442283
5987805442344
5987805442404
5987805442464
5987805442525
5987805442585
5987805442645
5987805442707
5987805442767
5987805443955
5987805445040
5987805446195
5987805447275
5987805448464
5987805449545
5987805450625
5987805451705
5987805452786
5987805453867
5987805455071
5987805456152
5987805457232
5987805458417
5987805459622
5987805460117
5987805461201
5987805462281
5987805463362
5987805464553
