5987805380208
5987805381365
5987805381932
5987805383013
5987805384143
5987805385326
5987805386131
5987805386190
5987805386251
5987805386312
5987805386372
5987805386433
5987805386497
5987805386558
5987805386618
5987805386679
5987805386740
5987805386800
5987805386861
5987805386954
5987805387310
5987805387372
5987805387433
5987805387494
5987805387554
5987805387614
5987805387675
5987805387736
5987805387796
5987805387857
5987805388051
5987805388232
5987805388261
5987805388321
5987805388380
5987805388440
5987805388498
5987805388565
5987805388624
5987805388686
5987805388747
5987805388808
5987805388869
5987805388930
5987805388990
5987805389050
5987805389113
5987805389173
5987805389233
5987805389295
5987805389356
5987805389418
5987805389507
5987805389625
5987805389684
5987805389744
5987805389805
5987805389866
5987805389927
5987805389987
5987805390048
5987805390108
5987805390168
5987805390228
5987805390290
5987805390350
5987805390410
5987805390470
5987805390531
5987805390592
5987805390653
5987805390714
5987805390776
5987805390838
5987805390902
5987805390967
5987805391027
5987805391088
5987805391148
5987805391210
5987805391288
5987805391351
5987805391412
5987805391473
5987805391534
5987805391596
5987805391657
5987805391718
5987805391780
5987805391840
5987805391901
5987805391961
5987805392022
5987805392083
5987805392144
5987805392206
5987805392396
5987805392810
5987805392870
5987805392928
5987805392993
5987805393054
5987805393113
5987805393176
5987805393237
5987805393295
5987805393358
5987805393419
5987805393480
5987805393541
5987805393602
5987805393668
5987805393732
5987805393792
5987805393853
5987805393914
5987805393975
5987805394140
5987805394202
5987805394263
5987805394324
5987805394383
5987805394435
5987805394504
5987805394569
5987805394634
5987805394696
5987805394756
5987805394816
5987805394879
5987805394940
5987805395001
5987805395061
5987805395120
5987805395183
5987805395246
5987805395307
5987805395366
5987805395428
5987805395488
5987805395549
5987805395616
5987805395676
5987805395736
5987805395797
5987805395858
5987805395919
5987805396087
5987805396151
5987805396211
5987805396273
5987805396333
5987805396393
5987805396455
5987805396508
5987805396568
5987805396653
5987805396716
5987805396776
5987805396860
5987805396920
5987805396982
5987805397043
5987805397103
5987805397164
5987805397224
5987805397286
5987805397347
5987805397562
5987805397621
5987805397682
5987805397744
5987805397806
5987805397866
5987805397928
5987805397989
5987805398049
5987805398109
5987805398171
5987805398231
5987805398285
5987805398347
5987805398408
5987805398472
5987805398535
5987805398596
5987805398653
5987805398717
5987805398777
5987805398835
5987805398895
5987805398957
5987805399016
5987805399076
5987805399137
5987805399199
5987805399259
5987805399321
5987805399381
5987805399443
5987805399505
5987805399569
5987805399628
5987805399689
5987805399750
5987805399809
5987805399870
5987805399931
5987805399992
5987805400054
5987805400102
5987805400154
5987805400216
5987805400283
5987805400347
5987805400402
5987805400467
5987805400527
5987805400588
5987805400650
5987805400712
5987805400819
5987805400893
5987805400954
5987805401015
5987805401077
5987805401138
5987805401200
5987805401262
5987805401323
5987805401384
5987805401447
5987805401510
5987805401633
5987805401695
5987805401757
5987805401819
5987805401945
5987805402010
5987805402072
5987805402134
5987805402197
5987805402258
5987805402323
5987805402446
5987805402508
5987805402570
5987805402631
5987805402677
5987805402723
5987805402768
5987805402852
5987805402914
5987805402975
5987805403036
5987805403097
5987805403158
5987805403220
5987805403282
5987805403343
5987805403404
5987805403466
5987805403588
5987805403650
5987805403712
5987805403773
5987805403834
5987805403895
5987805403946
5987805404028
5987805404156
5987805404217
5987805404341
5987805404402
5987805404463
5987805404617
5987805404687
5987805404748
5987805404810
5987805404872
5987805404933
5987805405056
5987805405117
5987805405177
5987805405240
5987805405300
5987805405362
5987805405427
5987805405488
5987805405549
5987805405672
5987805405734
5987805405795
5987805405891
5987805405953
5987805406012
5987805406074
5987805406136
5987805406197
5987805406258
5987805406318
5987805406378
5987805406439
5987805406501
5987805406561
5987805406623
5987805406683
5987805406744
5987805406804
5987805406865
5987805406926
5987805406987
5987805407048
5987805407110
5987805407173
5987805407236
5987805407302
5987805407360
5987805407420
5987805407484
5987805407540
5987805407602
5987805407662
5987805407723
5987805407782
5987805407844
5987805407905
5987805407966
5987805408027
5987805408089
5987805408172
5987805408232
5987805408353
5987805408413
5987805408475
5987805408535
5987805408596
5987805408659
5987805408719
5987805408779
5987805408840
5987805408901
5987805408961
5987805409027
5987805409087
5987805409149
5987805409210
5987805409278
5987805410367
5987805410596
5987805410655
5987805410715
5987805410805
5987805410865
5987805410926
5987805410998
5987805411058
5987805411120
5987805411180
5987805411240
5987805411304
5987805411374
5987805411428
5987805411490
5987805411568
5987805411610
5987805411674
5987805411735
5987805411795
5987805411845
5987805411900
5987805411963
5987805412026
5987805412086
5987805412147
5987805412207
5987805412269
5987805412330
5987805412391
5987805412459
5987805412520
5987805412602
5987805412670
5987805412731
5987805412792
5987805412853
5987805412914
5987805413010
5987805413097
5987805413157
5987805413219
5987805413281
5987805413341
5987805413402
5987805413463
5987805413523
5987805413583
5987805413645
5987805413705
5987805413771
5987805413833
5987805413893
5987805413958
5987805414018
5987805414079
5987805414139
5987805414200
5987805414261
5987805414323
5987805414383
5987805414445
5987805414506
5987805414628
5987805414688
5987805414749
5987805414811
5987805414872
5987805414933
5987805414994
5987805415173
5987805415510
5987805415608
5987805415671
5987805415731
5987805415791
5987805415854
5987805415914
5987805415975
5987805416036
5987805416097
5987805416157
5987805416218
5987805416392
5987805417275
5987805417335
5987805417427
5987805417488
5987805417548
5987805417609
5987805417670
5987805417731
5987805417795
5987805417855
5987805417915
5987805417976
5987805418037
5987805418099
5987805418161
5987805418222
5987805418283
5987805418344
5987805418404
5987805418465
5987805418526
5987805418587
5987805418647
5987805418708
5987805418768
5987805418828
5987805418890
5987805418952
5987805419013
5987805419074
5987805419136
5987805419227
5987805419396
5987805420544
5987805421656
5987805422214
5987805422309
5987805422370
5987805422431
5987805422491
5987805422557
5987805422619
5987805422679
5987805422741
5987805422808
5987805422868
5987805422929
5987805422990
5987805423141
5987805423307
5987805423367
5987805423427
5987805423487
5987805423548
5987805423608
5987805423669
5987805423730
5987805423790
5987805423851
5987805423912
5987805423971
5987805424032
5987805424192
5987805424819
5987805424879
5987805424941
5987805425001
5987805425061
5987805425122
5987805425182
5987805425242
5987805425303
5987805425364
5987805425424
5987805425485
5987805425545
5987805425785
5987805426071
5987805426484
5987805426784
5987805427068
5987805427135
5987805427200
5987805427260
5987805427320
5987805427381
5987805427442
5987805427502
5987805427563
5987805427623
5987805427683
5987805427744
5987805427804
5987805427864
5987805427931
5987805427990
5987805428051
5987805428112
5987805428171
5987805428231
5987805428292
5987805428354
5987805428414
5987805428474
5987805428536
5987805428596
5987805428656
5987805428718
5987805428778
5987805428839
5987805428900
5987805428961
5987805429021
5987805429082
5987805429142
5987805429203
5987805429265
5987805429326
5987805429387
5987805429448
5987805429508
5987805429569
5987805429630
5987805429742
5987805430843
5987805432044
5987805432795
5987805432856
5987805432917
5987805432977
5987805433038
5987805433098
5987805433160
5987805433220
5987805433281
5987805433342
5987805433403
5987805433463
5987805433525
5987805433587
5987805433648
5987805433708
5987805433769
5987805433829
5987805433891
5987805433953
5987805434014
5987805434075
5987805434137
5987805434226
5987805434337
5987805434403
5987805434462
5987805434523
5987805434584
5987805434644
5987805434724
5987805434784
5987805434845
5987805434906
5987805434967
5987805435027
5987805435088
5987805435148
5987805436229
5987805436773
5987805436831
5987805436891
5987805436955
5987805437015
5987805437077
5987805437141
5987805437202
5987805437262
5987805437323
5987805437383
5987805437443
5987805437504
5987805437683
5987805438782
5987805439863
5987805441068
5987805442273
5987805443353
5987805444434
5987805445591
5987805446671
5987805447844
5987805449045
5987805450152
5987805451234
5987805452376
5987805453517
5987805454658
5987805454811
5987805456010
5987805457104
5987805458200
5987805459280
5987805460366
5987805461447
5987805462656
5987805463267
5987805463327
5987805463387
5987805463448
5987805463508
5987805463568
5987805463630
5987805463691
5987805463751
5987805463812
5987805463946
5987805465127
