5987805433687
5987805434775
5987805435882
5987805436983
5987805437046
5987805437126
5987805437185
5987805437247
5987805437306
5987805437368
5987805437428
5987805437488
5987805437549
5987805437610
5987805437670
5987805437731
5987805437855
5987805437912
5987805437978
5987805438038
5987805438099
5987805438160
5987805438222
5987805438282
5987805438342
5987805438403
5987805438466
5987805438527
5987805438597
5987805438694
5987805438755
5987805438819
5987805438981
5987805440109
5987805441310
5987805442465
5987805443615
5987805444747
5987805445879
5987805447084
5987805448286
5987805449492
5987805450598
5987805451764
5987805452860
5987805454062
5987805455145
5987805456247
5987805456836
5987805458011
5987805459092
5987805460232
5987805461370
5987805462567
5987805463713
5987805464914
