5987805379557
5987805380638
5987805381767
5987805382848
5987805383929
5987805385023
5987805385179
5987805385240
5987805385301
5987805385362
5987805385422
5987805385484
5987805385544
5987805385605
5987805385666
5987805385727
5987805386807
5987805386927
5987805387031
5987805387092
5987805387152
5987805387211
5987805387272
5987805387333
5987805387394
5987805387456
5987805387517
5987805387578
5987805387641
5987805387697
5987805387760
5987805387822
5987805387881
5987805387941
5987805388004
5987805388065
5987805388126
5987805388189
5987805388250
5987805388310
5987805388372
5987805388557
5987805389346
5987805389951
5987805390056
5987805390116
5987805390176
5987805390237
5987805390297
5987805390360
5987805390423
5987805390484
5987805390546
5987805390607
5987805390667
5987805390728
5987805390788
5987805390849
5987805390914
5987805390975
5987805391035
5987805391097
5987805391157
5987805391217
5987805391278
5987805391338
5987805392419
5987805392590
5987805392651
5987805392713
5987805392773
5987805392833
5987805392900
5987805392961
5987805393021
5987805393082
5987805393142
5987805393401
5987805393461
5987805393522
5987805393583
5987805393643
5987805393704
5987805393764
5987805393824
5987805393886
5987805393947
5987805394008
5987805394069
5987805394130
5987805394190
5987805394251
5987805394311
5987805394372
5987805394433
5987805394552
5987805394975
5987805395052
5987805395113
5987805395174
5987805395235
5987805395295
5987805395356
5987805395417
5987805395477
5987805395538
5987805395616
5987805395908
5987805395942
5987805396041
5987805396102
5987805396162
5987805396207
5987805396283
5987805396344
5987805396404
5987805396466
5987805396527
5987805396587
5987805396648
5987805396709
5987805396937
5987805397242
5987805397630
5987805398144
5987805399358
5987805400329
5987805400387
5987805400449
5987805400510
5987805400570
5987805400631
5987805400693
5987805400753
5987805400813
5987805400875
5987805400935
5987805400995
5987805401056
5987805401158
5987805401562
5987805401912
5987805402066
5987805402131
5987805402192
5987805402253
5987805402314
5987805402377
5987805402439
5987805402496
5987805402558
5987805402618
5987805402683
5987805402739
5987805402803
5987805402864
5987805402925
5987805402982
5987805403046
5987805403107
5987805403167
5987805403231
5987805403295
5987805403356
5987805403454
5987805403516
5987805403576
5987805403636
5987805403695
5987805403757
5987805403817
5987805403883
5987805403969
5987805404702
5987805405079
5987805405781
5987805406954
5987805407486
5987805408681
5987805409882
5987805410556
5987805410610
5987805410689
5987805410751
5987805410814
5987805410874
5987805410935
5987805410995
5987805411055
5987805411115
5987805411176
5987805411243
5987805411304
5987805411365
5987805411426
5987805411486
5987805411549
5987805411609
5987805411669
5987805411731
5987805411791
5987805411857
5987805411918
5987805412098
5987805412178
5987805412238
5987805412300
5987805412365
5987805412427
5987805412488
5987805412548
5987805412609
5987805412670
5987805412731
5987805412791
5987805412852
5987805412912
5987805413475
5987805413536
5987805413598
5987805413657
5987805413723
5987805413782
5987805413843
5987805413903
5987805413964
5987805414024
5987805414085
5987805414144
5987805414199
5987805414258
5987805414321
5987805414379
5987805414438
5987805414525
5987805414585
5987805414678
5987805414738
5987805414800
5987805414860
5987805414925
5987805414987
5987805415047
5987805415107
5987805415175
5987805415294
5987805415356
5987805415419
5987805415476
5987805415540
5987805415598
5987805415661
5987805415723
5987805415786
5987805415845
5987805415906
5987805415970
5987805416093
5987805416152
5987805416212
5987805416272
5987805416334
5987805416396
5987805416455
5987805416519
5987805416577
5987805416638
5987805416700
5987805416762
5987805416821
5987805416883
5987805416941
5987805417005
5987805417065
5987805417128
5987805417186
5987805417249
5987805417308
5987805417376
5987805417436
5987805417499
5987805417559
5987805417622
5987805417681
5987805417744
5987805417802
5987805417865
5987805417923
5987805417986
5987805418045
5987805418109
5987805418166
5987805418245
5987805418296
5987805418373
5987805418419
5987805418484
5987805418541
5987805418610
5987805418664
5987805418728
5987805418785
5987805418848
5987805418907
5987805418969
5987805419028
5987805419091
5987805419157
5987805419218
5987805419280
5987805419338
5987805419418
5987805419522
5987805419581
5987805419641
5987805419710
5987805419769
5987805419835
5987805419896
5987805420084
5987805420142
5987805420205
5987805420264
5987805420327
5987805420386
5987805420449
5987805420508
5987805420571
5987805420629
5987805421249
5987805421306
5987805421368
5987805421427
5987805421488
5987805421551
5987805421610
5987805421672
5987805421732
5987805421793
5987805421854
5987805421917
5987805421978
5987805422037
5987805422097
5987805422160
5987805422220
5987805422282
5987805422340
5987805422519
5987805422608
5987805422669
5987805422734
5987805422793
5987805422854
5987805422916
5987805422975
5987805423040
5987805423095
5987805423187
5987805423273
5987805423337
5987805423394
5987805423458
5987805423517
5987805423576
5987805423637
5987805423703
5987805423759
5987805423821
5987805423927
5987805423985
5987805424048
5987805424105
5987805424165
5987805424227
5987805424288
5987805424352
5987805424411
5987805424471
5987805424532
5987805424600
5987805424652
5987805424716
5987805424774
5987805424837
5987805424896
5987805424959
5987805425017
5987805425081
5987805425139
5987805425201
5987805425263
5987805425328
5987805425384
5987805425448
5987805425507
5987805425573
5987805425637
5987805425695
5987805425758
5987805425817
5987805425896
5987805425937
5987805426001
5987805426060
5987805426122
5987805426180
5987805426301
5987805426366
5987805426423
5987805426485
5987805426543
5987805426606
5987805426666
5987805426729
5987805426787
5987805426850
5987805426910
5987805426972
5987805427032
5987805427095
5987805427154
5987805427214
5987805427278
5987805427343
5987805427405
5987805427465
5987805427527
5987805427585
5987805427648
5987805427707
5987805427769
5987805427828
5987805427891
5987805427949
5987805428011
5987805428075
5987805428135
5987805428197
5987805428256
5987805428319
5987805428439
5987805428497
5987805428559
5987805428619
5987805428682
5987805428740
5987805428803
5987805428861
5987805428923
5987805428983
5987805429045
5987805429103
5987805429170
5987805429228
5987805429291
5987805429351
5987805429402
5987805429483
5987805429544
5987805429604
5987805429667
5987805429727
5987805429791
5987805429850
5987805429913
5987805429972
5987805430034
5987805430092
5987805430154
5987805430212
5987805430280
5987805430340
5987805430402
5987805430460
5987805430522
5987805430587
5987805430650
5987805430709
5987805430774
5987805430833
5987805430892
5987805430952
5987805431015
5987805431073
5987805431135
5987805431194
5987805431257
5987805431315
5987805431378
5987805431437
5987805431496
5987805431557
5987805431620
5987805431698
5987805431801
5987805431869
5987805431927
5987805431989
5987805432047
5987805432110
5987805432169
5987805432232
5987805432290
5987805432353
5987805432413
5987805432475
5987805432533
5987805432595
5987805432654
5987805432716
5987805432774
5987805432836
5987805432896
5987805432958
5987805433016
5987805433080
5987805433138
5987805433212
5987805433261
5987805433323
5987805433399
5987805433446
5987805433509
5987805433573
5987805433632
5987805433694
5987805433753
5987805433813
5987805433879
5987805433943
5987805434002
5987805434065
5987805434123
5987805434186
5987805434233
5987805434278
5987805434355
5987805434412
5987805434475
5987805434533
5987805434597
5987805434719
5987805434777
5987805434841
5987805434899
5987805434962
5987805435020
5987805435084
5987805435142
5987805435204
5987805435263
5987805435326
5987805435385
5987805435448
5987805435507
5987805435569
5987805435645
5987805435706
5987805435766
5987805435830
5987805435887
5987805435948
5987805436010
5987805436069
5987805436131
5987805436189
5987805436251
5987805436310
5987805436373
5987805436464
5987805437010
5987805437068
5987805437133
5987805437192
5987805437255
5987805437313
5987805437375
5987805437433
5987805437495
5987805437553
5987805437617
5987805437678
5987805437746
5987805437805
5987805437868
5987805437930
5987805437990
5987805438051
5987805438113
5987805438172
5987805438291
5987805438653
5987805439375
5987805440026
5987805440084
5987805440145
5987805440213
5987805440271
5987805440334
5987805440394
5987805440456
5987805440514
5987805440578
5987805440637
5987805440699
5987805440758
5987805440868
5987805441382
5987805441442
5987805441503
5987805441564
5987805441624
5987805441685
5987805441748
5987805441808
5987805441870
5987805441931
5987805441991
5987805442052
5987805442113
5987805442173
5987805442233
5987805442293
5987805442355
5987805442415
5987805442475
5987805442536
5987805442596
5987805442658
5987805442718
5987805442778
5987805442839
5987805442900
5987805442961
5987805443021
5987805443082
5987805443142
5987805443203
5987805443265
5987805443325
5987805443386
5987805443447
5987805443507
5987805443568
5987805443629
5987805443689
5987805443749
5987805443809
5987805443871
5987805443931
5987805443991
5987805444051
5987805444113
5987805444173
5987805444234
5987805444295
5987805444356
5987805444416
5987805444478
5987805444538
5987805444703
5987805444763
5987805444825
5987805444886
5987805444946
5987805445008
5987805445068
5987805445128
5987805445190
5987805445259
5987805446339
5987805447420
5987805448500
5987805448971
5987805449050
5987805449112
5987805449207
5987805449267
5987805449329
5987805449389
5987805449450
5987805449512
5987805449572
5987805449632
5987805449694
5987805449758
5987805449818
5987805449880
5987805449941
5987805450065
5987805450125
5987805450185
5987805450245
5987805450306
5987805450367
5987805450428
5987805450490
5987805450551
5987805450611
5987805450672
5987805450732
5987805451881
5987805453009
5987805454091
5987805455172
5987805456253
5987805457400
5987805458598
5987805459774
5987805460855
5987805461936
5987805463065
5987805464159
5987805465239
