5987805379234
5987805380384
5987805381465
5987805381904
5987805381975
5987805382035
5987805382097
5987805382159
5987805382220
5987805382281
5987805382341
5987805382402
5987805382463
5987805382522
5987805382589
5987805382655
5987805382716
5987805382776
5987805382837
5987805382898
5987805382959
5987805383020
5987805383082
5987805383140
5987805383203
5987805383263
5987805383324
5987805383384
5987805383445
5987805383506
5987805383566
5987805383626
5987805383688
5987805383750
5987805384105
5987805384354
5987805384380
5987805384479
5987805384541
5987805384602
5987805384651
5987805384725
5987805384786
5987805384847
5987805384906
5987805384967
5987805385029
5987805385090
5987805385152
5987805385215
5987805385263
5987805385335
5987805385396
5987805385456
5987805385515
5987805385576
5987805385636
5987805385699
5987805385755
5987805385816
5987805385883
5987805385945
5987805386008
5987805386069
5987805386131
5987805386192
5987805386252
5987805386314
5987805386374
5987805386435
5987805386497
5987805386557
5987805386620
5987805386681
5987805386783
5987805387532
5987805387592
5987805387651
5987805387712
5987805387774
5987805387841
5987805387902
5987805387963
5987805388023
5987805388084
5987805388144
5987805388206
5987805388267
5987805388331
5987805388518
5987805388571
5987805388635
5987805388712
5987805388772
5987805388832
5987805388893
5987805388953
5987805389014
5987805389074
5987805389135
5987805389196
5987805389257
5987805389317
5987805389378
5987805389438
5987805389499
5987805389561
5987805389621
5987805390702
5987805390969
5987805391028
5987805391088
5987805391149
5987805391209
5987805391269
5987805391331
5987805391393
5987805391453
5987805391514
5987805391575
5987805391771
5987805391961
5987805392013
5987805392073
5987805392134
5987805392195
5987805392255
5987805392317
5987805392377
5987805392438
5987805392499
5987805392559
5987805392620
5987805392673
5987805392742
5987805392834
5987805392893
5987805392977
5987805393063
5987805393123
5987805393185
5987805393244
5987805393306
5987805393398
5987805393463
5987805393524
5987805393652
5987805393712
5987805393773
5987805393834
5987805393897
5987805393958
5987805394019
5987805394081
5987805394142
5987805394200
5987805394261
5987805394321
5987805394384
5987805394486
5987805394581
5987805394640
5987805394701
5987805394760
5987805394822
5987805394884
5987805394946
5987805395021
5987805395310
5987805395362
5987805395464
5987805395526
5987805395587
5987805395649
5987805395712
5987805395770
5987805395831
5987805395892
5987805395954
5987805396014
5987805396076
5987805396135
5987805396200
5987805396240
5987805396303
5987805396362
5987805396424
5987805396482
5987805396547
5987805396605
5987805396669
5987805396728
5987805396791
5987805396850
5987805396912
5987805396971
5987805397035
5987805397157
5987805397226
5987805397285
5987805397348
5987805397407
5987805397470
5987805397530
5987805397592
5987805397651
5987805397714
5987805397772
5987805398953
5987805399163
5987805399240
5987805399301
5987805399363
5987805399429
5987805399502
5987805399566
5987805399626
5987805399687
5987805399747
5987805399808
5987805399871
5987805399936
5987805399998
5987805400057
5987805400152
5987805401153
5987805401210
5987805401273
5987805401333
5987805401395
5987805401454
5987805401518
5987805401576
5987805401639
5987805401697
5987805401759
5987805401818
5987805401880
5987805402019
5987805403147
5987805403310
5987805403370
5987805403430
5987805403491
5987805403551
5987805403620
5987805403680
5987805403742
5987805403800
5987805403869
5987805403928
5987805404775
5987805404867
5987805404927
5987805404991
5987805405051
5987805405111
5987805405172
5987805405233
5987805405293
5987805405354
5987805405414
5987805405475
5987805405534
5987805405598
5987805405656
5987805405716
5987805405778
5987805405838
5987805405897
5987805405958
5987805406018
5987805406080
5987805406126
5987805406171
5987805406282
5987805406339
5987805406401
5987805406462
5987805406526
5987805406586
5987805406680
5987805406743
5987805406816
5987805406989
5987805407041
5987805407101
5987805407162
5987805407222
5987805407391
5987805407460
5987805407526
5987805407586
5987805407647
5987805407707
5987805407827
5987805407995
5987805408055
5987805408229
5987805408311
5987805408427
5987805408493
5987805408580
5987805408685
5987805408778
5987805408875
5987805408959
5987805409011
5987805409070
5987805409149
5987805409241
5987805409319
5987805409363
5987805409426
5987805409489
5987805409562
5987805409624
5987805409683
5987805409748
5987805409805
5987805409873
5987805409931
5987805409996
5987805410053
5987805410117
5987805410176
5987805410242
5987805410298
5987805410542
5987805410602
5987805410663
5987805410723
5987805410783
5987805410905
5987805410966
5987805411028
5987805411088
5987805411148
5987805411223
5987805411269
5987805411329
5987805411391
5987805411452
5987805411512
5987805411573
5987805411633
5987805411693
5987805411754
5987805411815
5987805411875
5987805411937
5987805411997
5987805412058
5987805412120
5987805412180
5987805412240
5987805412302
5987805412363
5987805412423
5987805412484
5987805412545
5987805412605
5987805412667
5987805412728
5987805412788
5987805412849
5987805412910
5987805412970
5987805413032
5987805413092
5987805413152
5987805413214
5987805413334
5987805413396
5987805413459
5987805413519
5987805413581
5987805413641
5987805413702
5987805413763
5987805413823
5987805413884
5987805413946
5987805414012
5987805414074
5987805414136
5987805414269
5987805415350
5987805415396
5987805415467
5987805415531
5987805415592
5987805415660
5987805415720
5987805415787
5987805415847
5987805415906
5987805415968
5987805416032
5987805416092
5987805416154
5987805416214
5987805416584
5987805416644
5987805416706
5987805416764
5987805416815
5987805416905
5987805416958
5987805417041
5987805417101
5987805417165
5987805417226
5987805417292
5987805417421
5987805417544
5987805417665
5987805417726
5987805417786
5987805417846
5987805417912
5987805417973
5987805418034
5987805418096
5987805418156
5987805418216
5987805418277
5987805418337
5987805418402
5987805418464
5987805418524
5987805418584
5987805418645
5987805418707
5987805418766
5987805418826
5987805418887
5987805418948
5987805419010
5987805419070
5987805419131
5987805419192
5987805419253
5987805419581
5987805419651
5987805419711
5987805419771
5987805419834
5987805419894
5987805419954
5987805420016
5987805420076
5987805420137
5987805420199
5987805420260
5987805420320
5987805420381
5987805420441
5987805420501
5987805420563
5987805420623
5987805420683
5987805420745
5987805420805
5987805420866
5987805420927
5987805420988
5987805421049
5987805421110
5987805421172
5987805421232
5987805421293
5987805421354
5987805421415
5987805421476
5987805421536
5987805421596
5987805421658
5987805421719
5987805421779
5987805421840
5987805421901
5987805421962
5987805422023
5987805422084
5987805422144
5987805422206
5987805422266
5987805422326
5987805422386
5987805422448
5987805422508
5987805422568
5987805422630
5987805422691
5987805422754
5987805422815
5987805422876
5987805423080
5987805423141
5987805423203
5987805423263
5987805423323
5987805423385
5987805423446
5987805423506
5987805423567
5987805423628
5987805423688
5987805423748
5987805423810
5987805423870
5987805423930
5987805423992
5987805424052
5987805424113
5987805424174
5987805424235
5987805424296
5987805424357
5987805424417
5987805424478
5987805424538
5987805424599
5987805424660
5987805424720
5987805424780
5987805424841
5987805424902
5987805424962
5987805425025
5987805425086
5987805425147
5987805425207
5987805425268
5987805425329
5987805425390
5987805425451
5987805425512
5987805425572
5987805425633
5987805425700
5987805425852
5987805425972
5987805426032
5987805426094
5987805426155
5987805426215
5987805426276
5987805426337
5987805426397
5987805426459
5987805426520
5987805426580
5987805426640
5987805426702
5987805426763
5987805426823
5987805426885
5987805426946
5987805427007
5987805427068
5987805427129
5987805427190
5987805427251
5987805427311
5987805427371
5987805427433
5987805427493
5987805427554
5987805427615
5987805427676
5987805428137
5987805428198
5987805428259
5987805428319
5987805428379
5987805428441
5987805428501
5987805428561
5987805428623
5987805428683
5987805428743
5987805428803
5987805428865
5987805428925
5987805428985
5987805429045
5987805429098
5987805429143
5987805429189
5987805429270
5987805429354
5987805429414
5987805429512
5987805429571
5987805429672
5987805429732
5987805429800
5987805429855
5987805429915
5987805429976
5987805430037
5987805430155
5987805430216
5987805430276
5987805430336
5987805430400
5987805430460
5987805430520
5987805430583
5987805430644
5987805430704
5987805430765
5987805430825
5987805430892
5987805430969
5987805431030
5987805431090
5987805431153
5987805431213
5987805431273
5987805431336
5987805431397
5987805431464
5987805431525
5987805431585
5987805431645
5987805431705
5987805431767
5987805431829
5987805431890
5987805431951
5987805432012
5987805432072
5987805432139
5987805432200
5987805432260
5987805432322
5987805432477
5987805433609
5987805434690
5987805435165
5987805435225
5987805435287
5987805435348
5987805435409
5987805435470
5987805435532
5987805435592
5987805435653
5987805435772
5987805435833
5987805435893
5987805435956
5987805436016
5987805436077
5987805436138
5987805436199
5987805436260
5987805436321
5987805436381
5987805436443
5987805436505
5987805436566
5987805437679
5987805438500
5987805438558
5987805438618
5987805438680
5987805438741
5987805438801
5987805438863
5987805438923
5987805438983
5987805439049
5987805439111
5987805439206
5987805439266
5987805439315
5987805439415
5987805439473
5987805439535
5987805439595
5987805439655
5987805439716
5987805439793
5987805439853
5987805439915
5987805439991
5987805441079
5987805442172
5987805443287
5987805444477
5987805445677
5987805446806
5987805447955
5987805449035
5987805450116
5987805451211
5987805452353
5987805453548
5987805454630
5987805455762
5987805456970
5987805457516
5987805458732
5987805459812
5987805460892
5987805461974
5987805463054
5987805464259
5987805464705
5987805464772
5987805464832
5987805464894
5987805464954
5987805465002
5987805465075
5987805465136
5987805465196
5987805465258
5987805465319
5987805465382
5987805465442
5987805465503
5987805465564
