5987805379204
5987805379272
5987805379332
5987805379394
5987805379454
5987805379501
5987805379576
5987805379636
5987805379696
5987805379757
5987805379819
5987805379881
5987805379941
5987805380002
5987805380062
5987805380113
5987805380184
5987805380244
5987805380305
5987805380370
5987805380428
5987805380494
5987805380556
5987805380735
5987805381038
5987805381106
5987805381166
5987805381228
5987805381289
5987805381335
5987805381407
5987805381470
5987805381533
5987805381647
5987805381718
5987805381779
5987805381840
5987805381900
5987805381960
5987805382022
5987805382084
5987805382145
5987805382206
5987805382264
5987805382552
5987805382864
5987805383213
5987805384055
5987805385136
5987805386350
5987805387546
5987805388628
5987805389369
5987805389461
5987805389521
5987805389581
5987805389642
5987805389699
5987805389763
5987805389825
5987805389886
5987805389946
5987805390009
5987805390070
5987805390130
5987805390191
5987805390252
5987805390312
5987805390373
5987805390434
5987805390651
5987805390711
5987805390771
5987805390832
5987805390893
5987805390957
5987805391022
5987805391076
5987805391140
5987805391204
5987805391286
5987805391353
5987805391412
5987805391476
5987805391537
5987805391598
5987805391730
5987805391790
5987805391850
5987805391912
5987805391972
5987805392032
5987805392094
5987805392154
5987805392214
5987805392275
5987805392448
5987805392548
5987805392675
5987805392736
5987805392797
5987805392857
5987805392917
5987805392979
5987805393040
5987805393100
5987805393161
5987805393221
5987805393281
5987805393341
5987805393404
5987805393468
5987805393540
5987805393602
5987805393662
5987805393723
5987805393785
5987805393855
5987805393916
5987805393976
5987805394037
5987805394098
5987805394153
5987805394219
5987805394279
5987805394340
5987805394401
5987805394461
5987805394521
5987805394583
5987805394643
5987805394704
5987805394769
5987805394830
5987805394890
5987805394952
5987805395012
5987805395073
5987805395134
5987805395195
5987805395620
5987805395690
5987805395749
5987805395811
5987805395872
5987805395932
5987805395994
5987805396054
5987805396115
5987805396178
5987805396237
5987805396298
5987805396359
5987805396419
5987805396739
5987805396789
5987805397036
5987805397167
5987805397227
5987805397288
5987805397349
5987805397409
5987805397470
5987805397530
5987805397591
5987805397681
5987805398762
5987805399874
5987805400954
5987805402128
5987805403333
5987805404414
5987805405049
5987805405103
5987805405211
5987805405277
5987805405339
5987805405399
5987805405459
5987805405520
5987805405580
5987805405641
5987805405703
5987805405763
5987805405824
5987805405885
5987805405946
5987805406680
5987805406738
5987805406871
5987805406933
5987805406997
5987805407059
5987805407119
5987805407180
5987805407242
5987805407302
5987805407370
5987805407431
5987805407493
5987805407554
5987805407746
5987805408133
5987805408210
5987805408307
5987805408355
5987805408418
5987805408478
5987805408540
5987805408600
5987805408656
5987805408721
5987805408781
5987805408842
5987805408904
5987805409018
5987805409055
5987805409119
5987805409185
5987805409246
5987805409307
5987805409367
5987805409428
5987805409490
5987805409550
5987805409612
5987805409673
5987805409733
5987805409794
5987805409973
5987805410007
5987805410077
5987805410137
5987805410198
5987805410259
5987805410304
5987805410380
5987805410440
5987805410504
5987805410566
5987805410626
5987805410687
5987805410749
5987805410809
5987805410869
5987805410932
5987805410992
5987805411053
5987805411114
5987805411174
5987805411233
5987805411297
5987805411357
5987805411418
5987805411479
5987805411575
5987805411643
5987805411702
5987805411767
5987805411834
5987805411953
5987805412010
5987805412086
5987805412131
5987805412204
5987805412263
5987805412326
5987805412384
5987805412447
5987805412505
5987805412568
5987805412627
5987805412749
5987805412812
5987805412872
5987805412934
5987805412995
5987805413056
5987805413117
5987805413178
5987805413240
5987805413298
5987805413361
5987805413423
5987805413483
5987805413544
5987805413605
5987805413666
5987805413726
5987805413788
5987805413850
5987805413910
5987805413971
5987805414045
5987805414376
5987805414435
5987805414496
5987805414556
5987805414624
5987805414684
5987805414746
5987805414811
5987805414871
5987805414931
5987805414996
5987805415058
5987805415117
5987805415180
5987805415240
5987805415301
5987805415362
5987805415422
5987805415688
5987805415748
5987805415809
5987805415867
5987805415931
5987805415990
5987805416048
5987805416111
5987805416173
5987805416233
5987805416293
5987805416355
5987805416416
5987805416476
5987805416537
5987805416597
5987805416657
5987805416718
5987805416779
5987805416839
5987805416901
5987805416961
5987805417022
5987805417083
5987805417144
5987805417205
5987805417266
5987805417326
5987805417386
5987805417447
5987805417508
5987805418175
5987805418237
5987805418298
5987805418359
5987805418421
5987805418481
5987805418543
5987805418603
5987805418707
5987805418765
5987805418826
5987805418891
5987805418946
5987805419007
5987805419066
5987805419129
5987805419195
5987805419254
5987805419314
5987805419375
5987805419435
5987805419495
5987805419556
5987805419617
5987805419678
5987805419738
5987805419797
5987805419859
5987805419919
5987805419979
5987805420038
5987805420100
5987805420161
5987805420221
5987805420281
5987805420346
5987805420402
5987805420462
5987805420522
5987805420582
5987805420643
5987805420703
5987805420827
5987805420885
5987805420945
5987805421007
5987805421067
5987805421128
5987805421190
5987805421251
5987805421312
5987805421374
5987805421434
5987805421495
5987805421556
5987805421617
5987805421677
5987805421739
5987805421799
5987805421860
5987805421921
5987805421982
5987805422043
5987805422105
5987805422171
5987805422232
5987805422293
5987805422357
5987805422433
5987805422537
5987805422598
5987805422658
5987805422720
5987805422780
5987805422841
5987805422902
5987805423080
5987805423145
5987805423205
5987805423267
5987805423328
5987805423389
5987805423450
5987805423511
5987805423572
5987805423634
5987805423694
5987805423754
5987805423815
5987805423876
5987805423936
5987805423997
5987805424057
5987805424118
5987805424178
5987805424237
5987805424343
5987805424403
5987805424464
5987805424524
5987805424585
5987805424646
5987805424706
5987805424766
5987805424813
5987805424866
5987805424926
5987805424988
5987805425079
5987805425151
5987805425211
5987805425272
5987805425333
5987805425394
5987805425456
5987805425517
5987805425578
5987805425640
5987805425700
5987805425800
5987805425861
5987805425923
5987805425983
5987805426044
5987805426106
5987805426167
5987805426228
5987805426290
5987805426354
5987805426415
5987805426476
5987805426538
5987805426598
5987805426659
5987805426721
5987805426781
5987805426842
5987805426904
5987805427086
5987805427664
5987805427725
5987805427786
5987805427846
5987805427907
5987805427967
5987805428028
5987805428089
5987805428150
5987805428212
5987805428273
5987805428333
5987805428397
5987805428457
5987805428518
5987805428579
5987805428640
5987805428700
5987805428763
5987805428824
5987805428886
5987805428946
5987805429006
5987805429067
5987805429127
5987805429189
5987805429250
5987805429311
5987805429372
5987805429433
5987805429493
5987805429555
5987805429616
5987805429677
5987805429739
5987805429800
5987805429861
5987805429922
5987805430007
5987805430078
5987805430139
5987805430200
5987805430261
5987805430322
5987805430383
5987805430443
5987805430506
5987805430572
5987805430633
5987805430693
5987805430754
5987805430815
5987805430876
5987805430939
5987805431001
5987805431061
5987805431122
5987805431182
5987805431241
5987805431303
5987805431364
5987805431421
5987805431523
5987805431585
5987805431645
5987805431706
5987805431766
5987805431826
5987805431886
5987805431949
5987805432015
5987805432076
5987805432136
5987805432203
5987805432263
5987805432324
5987805432385
5987805432447
5987805432507
5987805432568
5987805432630
5987805432690
5987805432751
5987805432813
5987805432874
5987805432939
5987805432996
5987805433055
5987805433117
5987805433178
5987805433239
5987805433300
5987805433361
5987805433421
5987805433482
5987805433546
5987805433607
5987805433667
5987805433727
5987805433788
5987805433849
5987805433910
5987805433971
5987805434031
5987805434093
5987805434158
5987805434218
5987805434279
5987805434345
5987805434406
5987805434468
5987805434528
5987805434589
5987805434651
5987805434712
5987805434774
5987805434834
5987805434895
5987805434954
5987805435016
5987805435076
5987805435136
5987805435197
5987805435263
5987805435356
5987805435418
5987805435479
5987805435539
5987805435601
5987805435662
5987805435723
5987805435785
5987805435845
5987805435906
5987805435970
5987805436028
5987805436088
5987805436150
5987805436288
5987805436350
5987805436409
5987805436471
5987805436532
5987805436592
5987805436654
5987805436714
5987805436780
5987805436842
5987805436903
5987805436963
5987805437024
5987805437084
5987805437144
5987805437205
5987805437266
5987805437326
5987805437393
5987805437453
5987805437514
5987805437576
5987805437637
5987805437698
5987805437761
5987805437821
5987805437885
5987805437946
5987805438007
5987805438067
5987805438127
5987805438188
5987805438250
5987805438310
5987805438376
5987805438438
5987805438498
5987805438559
5987805438621
5987805438666
5987805438747
5987805438807
5987805438869
5987805438928
5987805438989
5987805439052
5987805439111
5987805439172
5987805439234
5987805439294
5987805439356
5987805439416
5987805439479
5987805439539
5987805439602
5987805439661
5987805439724
5987805439782
5987805439845
5987805439904
5987805439967
5987805440027
5987805440090
5987805440148
5987805440212
5987805440332
5987805440392
5987805440455
5987805440514
5987805440577
5987805440636
5987805440699
5987805440794
5987805440860
5987805440984
5987805441043
5987805441103
5987805441227
5987805441348
5987805441408
5987805441591
5987805441712
5987805441833
5987805441908
5987805442075
5987805442199
5987805442321
5987805442396
5987805442445
5987805442504
5987805442566
5987805442626
5987805442688
5987805442746
5987805442810
5987805442868
5987805442950
5987805443009
5987805443069
5987805443130
5987805443198
5987805443254
5987805443318
5987805443379
5987805443436
5987805443498
5987805443560
5987805443621
5987805443684
5987805443745
5987805443806
5987805443866
5987805443928
5987805444028
5987805445172
5987805446318
5987805447399
5987805448503
5987805449584
5987805450729
5987805451809
5987805452899
5987805454066
5987805455148
5987805456350
5987805457502
5987805458693
5987805459907
5987805461113
5987805461791
5987805461838
5987805463027
5987805464107
5987805465187
