5987805379211
5987805379275
5987805379327
5987805379389
5987805379450
5987805379571
5987805379631
5987805379681
5987805379749
5987805379806
5987805379866
5987805379929
5987805379988
5987805380049
5987805380111
5987805380173
5987805380236
5987805380296
5987805380356
5987805380416
5987805380478
5987805380538
5987805380599
5987805380692
5987805380752
5987805380811
5987805380873
5987805380934
5987805380994
5987805381055
5987805381121
5987805381185
5987805381247
5987805381310
5987805381371
5987805381432
5987805381492
5987805381553
5987805381615
5987805381676
5987805381737
5987805381799
5987805381860
5987805381925
5987805381987
5987805382047
5987805382112
5987805382174
5987805382235
5987805382296
5987805382355
5987805382418
5987805382481
5987805382540
5987805382602
5987805382663
5987805382724
5987805382786
5987805382846
5987805382907
5987805382968
5987805383112
5987805383692
5987805383752
5987805383815
5987805383875
5987805383935
5987805383997
5987805384058
5987805384118
5987805384179
5987805384239
5987805384301
5987805384364
5987805384423
5987805384484
5987805384544
5987805384607
5987805384668
5987805384729
5987805384792
5987805384853
5987805384913
5987805384975
5987805385045
5987805386126
5987805386677
5987805386740
5987805386787
5987805386908
5987805386969
5987805387030
5987805387092
5987805387152
5987805387214
5987805387275
5987805387337
5987805387398
5987805387459
5987805387522
5987805387583
5987805387643
5987805387704
5987805387764
5987805388966
5987805389349
5987805389646
5987805390127
5987805390208
5987805390268
5987805390330
5987805390391
5987805390451
5987805390513
5987805390574
5987805390634
5987805390696
5987805390757
5987805391492
5987805391868
5987805392602
5987805393488
5987805393547
5987805393607
5987805393668
5987805393728
5987805393788
5987805393850
5987805393911
5987805393971
5987805394033
5987805394093
5987805394153
5987805394215
5987805394275
5987805394632
5987805394691
5987805394753
5987805394814
5987805394875
5987805394935
5987805394998
5987805395058
5987805395119
5987805395180
5987805395285
5987805395347
5987805395408
5987805395469
5987805395530
5987805395592
5987805395652
5987805395714
5987805395775
5987805395838
5987805395896
5987805395957
5987805396018
5987805396079
5987805396140
5987805396200
5987805396287
5987805396349
5987805396440
5987805396501
5987805396565
5987805396626
5987805396689
5987805396750
5987805396812
5987805396873
5987805396934
5987805396996
5987805397056
5987805397116
5987805397177
5987805397238
5987805397420
5987805397886
5987805397938
5987805398019
5987805398081
5987805398141
5987805398202
5987805398264
5987805398324
5987805398419
5987805398479
5987805398541
5987805398602
5987805398665
5987805398725
5987805398786
5987805398847
5987805398908
5987805398968
5987805399030
5987805399097
5987805399159
5987805399218
5987805399278
5987805399339
5987805399404
5987805399464
5987805399524
5987805399585
5987805399647
5987805399708
5987805399770
5987805399830
5987805400835
5987805400897
5987805400958
5987805401020
5987805401106
5987805401167
5987805401230
5987805401293
5987805401354
5987805401415
5987805401476
5987805401757
5987805401816
5987805401876
5987805401938
5987805401998
5987805402120
5987805402180
5987805402240
5987805402302
5987805402481
5987805402579
5987805402640
5987805402700
5987805402765
5987805402826
5987805402888
5987805402949
5987805403010
5987805403070
5987805403132
5987805403214
5987805403694
5987805403753
5987805403813
5987805403875
5987805403936
5987805403996
5987805404063
5987805404124
5987805404185
5987805404246
5987805404435
5987805405237
5987805405537
5987805405718
5987805405772
5987805405857
5987805405919
5987805405981
5987805406042
5987805406104
5987805406164
5987805406225
5987805406287
5987805406347
5987805406407
5987805406468
5987805406529
5987805406988
5987805407052
5987805407113
5987805407174
5987805407238
5987805407295
5987805407356
5987805407417
5987805407477
5987805407538
5987805407599
5987805407660
5987805407720
5987805407782
5987805407913
5987805408885
5987805408945
5987805409007
5987805409067
5987805409130
5987805409194
5987805409256
5987805409317
5987805409380
5987805409440
5987805409501
5987805409562
5987805409623
5987805409683
5987805409746
5987805409837
5987805410991
5987805411561
5987805411664
5987805411726
5987805411788
5987805411848
5987805411909
5987805411970
5987805412031
5987805412092
5987805412153
5987805412217
5987805412425
5987805412487
5987805412548
5987805412609
5987805412670
5987805412731
5987805412792
5987805412853
5987805412914
5987805412975
5987805413110
5987805413171
5987805413235
5987805413294
5987805413355
5987805413416
5987805413478
5987805413540
5987805413600
5987805413661
5987805413724
5987805413784
5987805413846
5987805413906
5987805413967
5987805414027
5987805414089
5987805414149
5987805414211
5987805414272
5987805414333
5987805414395
5987805414457
5987805414519
5987805414581
5987805414642
5987805414703
5987805414766
5987805414827
5987805414887
5987805414948
5987805415016
5987805415077
5987805415137
5987805415204
5987805415262
5987805415325
5987805415387
5987805415448
5987805415509
5987805415572
5987805415633
5987805415693
5987805415755
5987805415815
5987805415876
5987805415938
5987805415998
5987805416059
5987805416120
5987805416302
5987805416761
5987805416821
5987805416883
5987805416943
5987805417004
5987805417065
5987805417126
5987805417187
5987805417248
5987805417309
5987805417370
5987805417432
5987805417492
5987805417553
5987805417615
5987805417676
5987805417737
5987805417799
5987805417859
5987805417921
5987805417983
5987805418043
5987805418103
5987805418168
5987805418229
5987805418290
5987805418352
5987805418412
5987805418473
5987805418535
5987805418595
5987805418654
5987805418729
5987805418790
5987805418913
5987805418974
5987805419034
5987805419096
5987805419156
5987805419217
5987805419278
5987805419338
5987805419398
5987805419460
5987805419520
5987805419581
5987805419642
5987805419702
5987805419765
5987805419826
5987805419886
5987805419946
5987805419996
5987805420103
5987805420163
5987805420224
5987805420283
5987805420343
5987805420406
5987805420467
5987805420529
5987805420590
5987805420650
5987805420786
5987805420892
5987805420953
5987805421015
5987805421075
5987805421141
5987805421201
5987805421267
5987805421329
5987805421390
5987805421450
5987805422192
5987805422252
5987805422313
5987805422375
5987805422436
5987805422494
5987805422561
5987805422622
5987805422683
5987805422743
5987805422803
5987805422862
5987805422953
5987805424131
5987805424385
5987805424819
5987805424879
5987805424942
5987805425003
5987805425063
5987805425126
5987805425186
5987805425246
5987805425307
5987805425370
5987805425431
5987805425492
5987805425611
5987805425754
5987805425815
5987805425876
5987805425938
5987805425998
5987805426060
5987805426154
5987805426216
5987805426312
5987805426372
5987805426433
5987805426495
5987805426555
5987805426617
5987805426678
5987805426739
5987805426801
5987805426862
5987805426924
5987805426985
5987805427048
5987805427108
5987805427171
5987805427231
5987805427292
5987805427353
5987805427414
5987805427475
5987805427536
5987805427597
5987805427658
5987805427719
5987805427779
5987805427841
5987805427924
5987805427986
5987805428047
5987805428109
5987805428169
5987805428222
5987805428280
5987805428359
5987805428419
5987805428483
5987805428543
5987805428603
5987805428664
5987805428725
5987805428785
5987805428846
5987805428906
5987805428971
5987805429093
5987805429153
5987805429214
5987805429274
5987805429395
5987805429455
5987805429515
5987805429576
5987805429687
5987805430108
5987805430168
5987805430235
5987805430295
5987805430355
5987805430415
5987805430476
5987805430536
5987805430596
5987805430657
5987805430717
5987805430777
5987805430839
5987805430957
5987805431615
5987805431679
5987805431739
5987805431800
5987805431861
5987805431921
5987805431981
5987805432042
5987805432102
5987805432163
5987805432223
5987805432283
5987805432341
5987805432403
5987805432463
5987805432523
5987805432585
5987805432645
5987805432705
5987805432766
5987805432826
5987805432886
5987805432947
5987805433127
5987805434207
5987805435306
5987805436386
5987805437548
5987805438749
5987805439895
5987805440997
5987805442101
5987805443302
5987805444447
5987805445631
5987805446728
5987805447809
5987805448889
5987805450033
5987805451175
5987805452256
5987805453337
5987805454417
5987805455504
5987805456584
5987805457703
5987805458858
5987805459980
5987805460204
5987805460293
5987805460353
5987805460414
5987805460474
5987805460535
5987805460596
5987805460658
5987805460719
5987805460780
5987805460841
5987805460909
5987805460969
5987805461029
5987805461091
5987805461136
5987805461211
5987805461272
5987805461332
5987805461394
5987805461452
5987805461471
5987805461548
5987805461608
5987805461688
5987805461770
5987805461925
5987805462236
5987805462297
5987805462390
5987805462450
5987805462512
5987805462572
5987805462634
5987805462689
5987805462750
5987805462810
5987805462872
5987805462932
5987805462991
5987805463073
5987805463135
5987805463195
5987805463255
5987805463315
5987805463376
5987805463438
5987805463502
5987805463563
5987805463628
5987805463673
5987805463719
5987805463781
5987805463841
5987805463902
5987805463962
5987805464022
5987805464083
5987805464143
5987805464204
5987805464262
5987805464325
5987805464384
5987805464446
5987805464505
5987805464565
5987805464627
5987805464687
5987805464747
5987805464808
5987805464869
5987805464930
5987805465007
5987805465083
5987805465144
5987805465206
5987805465268
5987805465328
5987805465390
5987805465451
5987805465512
