5987805379295
5987805379906
5987805381182
5987805381431
5987805381489
5987805381552
5987805381612
5987805381674
5987805381734
5987805381796
5987805381857
5987805381918
5987805381971
5987805382051
5987805382109
5987805382170
5987805382232
5987805382293
5987805382353
5987805382415
5987805383020
5987805388381
5987805395476
5987805396083
5987805397041
5987805397268
5987805397877
5987805398137
5987805398197
5987805398258
5987805398380
5987805400221
5987805400829
5987805406071
5987805406442
5987805407057
5987805407669
5987805420343
5987805442531
5987805442583
5987805443199
5987805443812
5987805446886
5987805451798
5987805451843
5987805451888
5987805451962
5987805452018
5987805452085
5987805452133
5987805452180
5987805452265
5987805452312
5987805452375
5987805452433
5987805452495
5987805452560
5987805452617
5987805452696
5987805452758
5987805452819
5987805452915
5987805452974
5987805453036
5987805453098
5987805453159
5987805453219
5987805453281
5987805453341
5987805453403
5987805453464
5987805453524
5987805453592
5987805453653
5987805453709
5987805453772
5987805453832
5987805453904
5987805453965
5987805454025
5987805454086
5987805454147
5987805454207
5987805454267
5987805454328
5987805454490
5987805455587
5987805456668
5987805457748
5987805458898
5987805460100
5987805460615
5987805461735
5987805462877
5987805463357
5987805464498
5987805465578
