5987805380076
5987805380139
5987805380200
5987805380261
5987805380321
5987805380382
5987805380443
5987805380504
5987805380564
5987805380625
5987805380686
5987805380790
5987805380852
5987805381979
5987805382683
5987805382741
5987805382804
5987805382864
5987805382932
5987805382992
5987805383054
5987805383114
5987805383175
5987805383238
5987805383298
5987805383358
5987805383420
5987805383479
5987805383541
5987805383603
5987805383664
5987805383724
5987805383785
5987805383845
5987805383906
5987805383967
5987805384028
5987805384088
5987805384150
5987805384249
5987805384299
5987805384361
5987805384425
5987805384485
5987805384544
5987805384605
5987805384665
5987805384732
5987805384792
5987805384853
5987805384914
5987805385010
5987805385075
5987805385135
5987805385237
5987805385304
5987805385363
5987805385425
5987805385494
5987805385555
5987805385616
5987805385676
5987805385737
5987805385796
5987805385864
5987805385925
5987805385986
5987805386046
5987805386108
5987805386168
5987805386228
5987805386290
5987805386350
5987805386410
5987805386469
5987805386534
5987805386598
5987805386659
5987805386719
5987805386780
5987805386840
5987805386901
5987805386959
5987805387021
5987805387082
5987805387142
5987805387207
5987805387267
5987805387327
5987805387388
5987805387450
5987805387508
5987805387569
5987805387698
5987805388803
5987805388975
5987805389355
5987805389410
5987805389514
5987805389573
5987805389634
5987805389695
5987805389756
5987805389816
5987805389883
5987805389945
5987805390007
5987805390067
5987805390129
5987805390267
5987805390326
5987805390386
5987805390447
5987805390507
5987805390567
5987805390630
5987805390690
5987805390750
5987805390812
5987805390873
5987805390934
5987805390995
5987805391055
5987805391837
5987805391899
5987805391959
5987805392021
5987805392081
5987805392142
5987805392198
5987805392263
5987805392325
5987805392392
5987805392452
5987805392513
5987805392574
5987805392635
5987805392696
5987805392757
5987805392818
5987805392879
5987805392941
5987805393006
5987805393068
5987805393130
5987805393190
5987805393250
5987805393312
5987805396352
5987805396695
5987805396755
5987805396816
5987805396876
5987805396936
5987805396998
5987805397059
5987805397108
5987805397212
5987805397274
5987805397335
5987805397397
5987805397457
5987805397517
5987805397579
5987805397640
5987805397700
5987805397762
5987805397823
5987805397884
5987805397945
5987805398139
5987805398245
5987805398306
5987805398368
5987805398429
5987805398489
5987805398550
5987805398610
5987805398672
5987805398734
5987805398795
5987805398862
5987805398923
5987805398984
5987805399045
5987805399107
5987805399167
5987805399276
5987805399337
5987805399399
5987805399460
5987805399520
5987805399587
5987805399648
5987805399708
5987805399770
5987805399830
5987805399894
5987805399956
5987805400066
5987805400127
5987805400189
5987805400250
5987805400309
5987805400370
5987805400431
5987805400492
5987805400555
5987805400616
5987805400676
5987805400737
5987805400797
5987805400858
5987805400919
5987805400979
5987805401039
5987805401100
5987805401210
5987805401409
5987805401468
5987805401529
5987805401590
5987805401650
5987805401710
5987805401772
5987805401832
5987805401893
5987805401954
5987805402014
5987805402080
5987805402142
5987805402202
5987805402260
5987805402324
5987805402427
5987805403636
5987805404801
5987805405723
5987805405782
5987805405843
5987805405893
5987805405993
5987805406052
5987805406113
5987805406176
5987805406236
5987805406298
5987805406358
5987805406418
5987805406479
5987805406540
5987805406600
5987805406661
5987805406722
5987805406783
5987805406844
5987805406907
5987805406966
5987805407027
5987805407095
5987805407155
5987805407217
5987805407278
5987805407342
5987805407398
5987805407457
5987805407580
5987805407638
5987805407700
5987805407761
5987805407821
5987805407882
5987805407942
5987805408003
5987805408066
5987805408127
5987805408187
5987805408248
5987805408342
5987805409331
5987805409390
5987805409450
5987805409513
5987805409571
5987805409633
5987805409694
5987805409756
5987805409817
5987805409878
5987805409938
5987805409998
5987805410060
5987805410121
5987805410181
5987805410242
5987805410403
5987805411599
5987805412594
5987805412639
5987805412702
5987805412763
5987805412823
5987805412884
5987805412944
5987805413004
5987805413065
5987805413125
5987805413186
5987805413232
5987805413292
5987805413353
5987805413415
5987805413475
5987805413535
5987805413596
5987805413656
5987805413717
5987805413778
5987805413838
5987805413899
5987805413959
5987805414020
5987805414082
5987805414143
5987805414208
5987805414269
5987805414329
5987805414389
5987805414450
5987805414574
5987805415654
5987805415714
5987805415776
5987805415837
5987805415898
5987805415958
5987805416019
5987805416079
5987805416139
5987805416201
5987805416262
5987805416322
5987805416383
5987805416443
5987805416504
5987805416566
5987805416626
5987805416686
5987805416748
5987805416808
5987805416870
5987805416933
5987805416993
5987805417055
5987805417116
5987805417176
5987805417237
5987805417299
5987805417361
5987805417425
5987805417481
5987805417545
5987805417622
5987805417684
5987805417805
5987805417867
5987805417928
5987805417988
5987805418052
5987805418113
5987805418175
5987805418238
5987805418357
5987805418419
5987805418479
5987805418540
5987805418600
5987805418664
5987805418725
5987805418785
5987805418846
5987805418906
5987805418968
5987805419029
5987805419090
5987805419150
5987805419209
5987805419310
5987805419370
5987805419430
5987805419496
5987805419556
5987805419618
5987805419678
5987805419738
5987805419801
5987805419862
5987805419922
5987805419983
5987805420044
5987805420104
5987805420165
5987805420225
5987805420286
5987805420347
5987805420423
5987805421357
5987805421419
5987805421478
5987805421539
5987805421599
5987805421660
5987805421721
5987805421781
5987805421842
5987805421903
5987805421963
5987805422024
5987805422085
5987805422145
5987805422206
5987805422267
5987805422329
5987805422387
5987805422449
5987805422509
5987805422569
5987805422632
5987805422692
5987805422752
5987805422814
5987805422875
5987805422935
5987805422996
5987805423057
5987805423118
5987805423180
5987805423241
5987805423307
5987805423369
5987805423429
5987805423490
5987805423551
5987805423611
5987805423671
5987805423733
5987805423793
5987805423854
5987805423915
5987805423975
5987805424035
5987805424097
5987805424157
5987805424218
5987805424279
5987805424339
5987805424953
5987805425026
5987805425086
5987805425146
5987805425206
5987805425266
5987805425327
5987805425394
5987805425453
5987805425514
5987805425574
5987805425635
5987805425695
5987805425755
5987805425816
5987805425881
5987805425941
5987805426002
5987805426063
5987805426126
5987805426186
5987805426248
5987805426310
5987805426370
5987805426431
5987805426492
5987805426552
5987805426614
5987805426684
5987805426942
5987805427002
5987805427063
5987805427123
5987805427182
5987805427268
5987805427324
5987805427388
5987805427449
5987805427509
5987805427568
5987805427629
5987805427689
5987805427749
5987805427810
5987805427871
5987805427931
5987805427991
5987805428053
5987805428113
5987805428173
5987805428234
5987805428296
5987805428356
5987805428419
5987805428477
5987805428539
5987805428599
5987805428661
5987805428721
5987805428783
5987805428844
5987805428904
5987805428965
5987805429027
5987805429087
5987805429147
5987805429209
5987805429269
5987805429330
5987805429392
5987805429452
5987805429512
5987805429573
5987805429634
5987805429694
5987805429756
5987805429816
5987805430897
5987805431304
5987805431370
5987805431431
5987805431495
5987805431557
5987805431618
5987805431679
5987805431740
5987805431802
5987805431864
5987805431925
5987805431986
5987805432046
5987805432109
5987805432170
5987805432230
5987805432292
5987805432357
5987805432414
5987805432479
5987805432538
5987805432601
5987805432659
5987805432722
5987805432782
5987805432843
5987805432904
5987805432965
5987805433026
5987805433087
5987805433147
5987805433207
5987805433269
5987805433330
5987805434177
5987805434237
5987805434299
5987805434360
5987805434420
5987805434481
5987805434530
5987805434590
5987805434652
5987805434713
5987805434773
5987805434834
5987805434895
5987805434955
5987805435019
5987805435081
5987805435141
5987805435202
5987805435263
5987805436344
5987805437317
5987805437376
5987805437435
5987805437514
5987805437575
5987805437639
5987805437696
5987805437756
5987805437816
5987805437882
5987805437939
5987805437999
5987805438064
5987805438187
5987805438247
5987805438309
5987805438372
5987805438429
5987805438491
5987805439397
5987805439457
5987805439520
5987805439581
5987805439641
5987805439703
5987805439764
5987805439824
5987805439887
5987805439948
5987805441029
5987805442203
5987805443405
5987805444485
5987805445568
5987805446650
5987805446736
5987805447777
5987805448858
5987805449972
5987805451084
5987805452200
5987805453278
5987805455445
5987805456647
5987805456671
5987805456731
5987805456794
5987805456856
5987805456916
5987805456976
5987805457038
5987805457098
5987805457165
5987805457227
5987805457289
5987805457418
5987805458499
5987805459599
5987805460736
5987805461817
5987805462897
5987805463996
5987805465076
