5987805379237
5987805379299
5987805379360
5987805379492
5987805379592
5987805379652
5987805379713
5987805379774
5987805379834
5987805379896
5987805379956
5987805380016
5987805380079
5987805380140
5987805380200
5987805380262
5987805380378
5987805380439
5987805380522
5987805380582
5987805380643
5987805380703
5987805380764
5987805380825
5987805380885
5987805380946
5987805381007
5987805381068
5987805381128
5987805381189
5987805381249
5987805381311
5987805381362
5987805381407
5987805381493
5987805381558
5987805381618
5987805381678
5987805381741
5987805381802
5987805381862
5987805381922
5987805381983
5987805382045
5987805382105
5987805382166
5987805382226
5987805382289
5987805382351
5987805382412
5987805382473
5987805382534
5987805382595
5987805382714
5987805383862
5987805385067
5987805385525
5987805385584
5987805385663
5987805385726
5987805385787
5987805385848
5987805385909
5987805385977
5987805386120
5987805386183
5987805386244
5987805386305
5987805386371
5987805386431
5987805386491
5987805386552
5987805386613
5987805386673
5987805386734
5987805386795
5987805386856
5987805386917
5987805386977
5987805387189
5987805387249
5987805387309
5987805387370
5987805387431
5987805387484
5987805387551
5987805387611
5987805387672
5987805387732
5987805388101
5987805388162
5987805388222
5987805388285
5987805388345
5987805388407
5987805388468
5987805388529
5987805388590
5987805388784
5987805389422
5987805389482
5987805389545
5987805389606
5987805389672
5987805389732
5987805389793
5987805389853
5987805389914
5987805390003
5987805390355
5987805390415
5987805390476
5987805390537
5987805390597
5987805390660
5987805390720
5987805390781
5987805390843
5987805390903
5987805391156
5987805391216
5987805391278
5987805391338
5987805391399
5987805391459
5987805391520
5987805391580
5987805391641
5987805391819
5987805391880
5987805391940
5987805392001
5987805392060
5987805392158
5987805392219
5987805392279
5987805392343
5987805392404
5987805392465
5987805392527
5987805392587
5987805392648
5987805392710
5987805392771
5987805392831
5987805392893
5987805392953
5987805393014
5987805393081
5987805393142
5987805393202
5987805393270
5987805393331
5987805393391
5987805393451
5987805393513
5987805393573
5987805393635
5987805393696
5987805393757
5987805393818
5987805393879
5987805393939
5987805394000
5987805394061
5987805394122
5987805394182
5987805394243
5987805394303
5987805394363
5987805394425
5987805394485
5987805394546
5987805394607
5987805394668
5987805394728
5987805394789
5987805394851
5987805394909
5987805394970
5987805395031
5987805395091
5987805395152
5987805395212
5987805395272
5987805395333
5987805395393
5987805395454
5987805395516
5987805395576
5987805395636
5987805395698
5987805395760
5987805395820
5987805395881
5987805395941
5987805396002
5987805396055
5987805396115
5987805396175
5987805396235
5987805396296
5987805396357
5987805396418
5987805396482
5987805396543
5987805396604
5987805396666
5987805396730
5987805396789
5987805396852
5987805396913
5987805396974
5987805397034
5987805397096
5987805397155
5987805397217
5987805397282
5987805397343
5987805397404
5987805397464
5987805397525
5987805397586
5987805397646
5987805397707
5987805397768
5987805397829
5987805397975
5987805398035
5987805398096
5987805398156
5987805398215
5987805398278
5987805398339
5987805398400
5987805398461
5987805398548
5987805399627
5987805399728
5987805399788
5987805399850
5987805399912
5987805399972
5987805400033
5987805400094
5987805400152
5987805400216
5987805400385
5987805400751
5987805401389
5987805401732
5987805402505
5987805403055
5987805403112
5987805403177
5987805403238
5987805403298
5987805403396
5987805403457
5987805403517
5987805403578
5987805403639
5987805403700
5987805403951
5987805404012
5987805404072
5987805404133
5987805404772
5987805404878
5987805404962
5987805405023
5987805405085
5987805405146
5987805405206
5987805405268
5987805405328
5987805405388
5987805405449
5987805405562
5987805405623
5987805405683
5987805405744
5987805405804
5987805405865
5987805405926
5987805405986
5987805406047
5987805406108
5987805406169
5987805406476
5987805406891
5987805406951
5987805407013
5987805407074
5987805407135
5987805407198
5987805407259
5987805407320
5987805407383
5987805407443
5987805407956
5987805408016
5987805408077
5987805408138
5987805408198
5987805408261
5987805408321
5987805408382
5987805408443
5987805408563
5987805409000
5987805409081
5987805409141
5987805409202
5987805409263
5987805409322
5987805409383
5987805409447
5987805409508
5987805409571
5987805409630
5987805409690
5987805409759
5987805409823
5987805409879
5987805409942
5987805410002
5987805410064
5987805410127
5987805410189
5987805410251
5987805410312
5987805410373
5987805410439
5987805410553
5987805410695
5987805410755
5987805410817
5987805410878
5987805410939
5987805411001
5987805411062
5987805411122
5987805411183
5987805411273
5987805412293
5987805412346
5987805412406
5987805412467
5987805412528
5987805412589
5987805412650
5987805412711
5987805412771
5987805412832
5987805412894
5987805412955
5987805413015
5987805413080
5987805413141
5987805414221
5987805414383
5987805414443
5987805414504
5987805414564
5987805414626
5987805414686
5987805414747
5987805414807
5987805414867
5987805414929
5987805416047
5987805417128
5987805417208
5987805417269
5987805417330
5987805417392
5987805417452
5987805417513
5987805417573
5987805417635
5987805417698
5987805417759
5987805418112
5987805418173
5987805418228
5987805418289
5987805418349
5987805418409
5987805418472
5987805418531
5987805418597
5987805418658
5987805418718
5987805418779
5987805418839
5987805418894
5987805418953
5987805419016
5987805419076
5987805419137
5987805419197
5987805419258
5987805419319
5987805419379
5987805419440
5987805419500
5987805419561
5987805419622
5987805419683
5987805419987
5987805420048
5987805420110
5987805420171
5987805420232
5987805420293
5987805420354
5987805420414
5987805420475
5987805420554
5987805420609
5987805420670
5987805420730
5987805420792
5987805420853
5987805420914
5987805420976
5987805421036
5987805421097
5987805421159
5987805421219
5987805421279
5987805421341
5987805421512
5987805421836
5987805421896
5987805421958
5987805422019
5987805422080
5987805422143
5987805422203
5987805422264
5987805422325
5987805422386
5987805422446
5987805422537
5987805422598
5987805422658
5987805422717
5987805422780
5987805422843
5987805422905
5987805422966
5987805423026
5987805423087
5987805423147
5987805423208
5987805423270
5987805423330
5987805423391
5987805423452
5987805423581
5987805423756
5987805423820
5987805423880
5987805423941
5987805424003
5987805424062
5987805424155
5987805424214
5987805424276
5987805424338
5987805424398
5987805424458
5987805424520
5987805424581
5987805424792
5987805424852
5987805424912
5987805424974
5987805425034
5987805425095
5987805425156
5987805425216
5987805425277
5987805425338
5987805425398
5987805425459
5987805425522
5987805425582
5987805425639
5987805425703
5987805425764
5987805425823
5987805425885
5987805425945
5987805426006
5987805426068
5987805426129
5987805426189
5987805426251
5987805426312
5987805426373
5987805426434
5987805426494
5987805426554
5987805426616
5987805426677
5987805426737
5987805426798
5987805426859
5987805426919
5987805426981
5987805427042
5987805427103
5987805427163
5987805427224
5987805427286
5987805427347
5987805427408
5987805427468
5987805427529
5987805427591
5987805427651
5987805427711
5987805427773
5987805428396
5987805428571
5987805429670
5987805430797
5987805430898
5987805430982
5987805431042
5987805431105
5987805431165
5987805431226
5987805431288
5987805431349
5987805431410
5987805431471
5987805431533
5987805431593
5987805431653
5987805431714
5987805431781
5987805432915
5987805434056
5987805435136
5987805436217
5987805436848
5987805436909
5987805436968
5987805437029
5987805437089
5987805437149
5987805437210
5987805437271
5987805437331
5987805437392
5987805437452
5987805437512
5987805437573
5987805437633
5987805438770
5987805439970
5987805441063
5987805442144
5987805442211
5987805443353
5987805444554
5987805445756
5987805446958
5987805448161
5987805449357
5987805450465
5987805451545
5987805452721
5987805453862
5987805455003
5987805456083
5987805457287
5987805458404
5987805459598
5987805460256
5987805460302
5987805461104
5987805461401
5987805461725
5987805461799
5987805461859
5987805461920
5987805461981
5987805462041
5987805462102
5987805462163
5987805462223
5987805462284
5987805462345
5987805462405
5987805462466
5987805462526
5987805462959
5987805463025
5987805463086
5987805463147
5987805463207
5987805463257
5987805463329
5987805463390
5987805463450
5987805463512
5987805463573
5987805463643
5987805463704
5987805463765
5987805463825
5987805463871
5987805463947
5987805464007
5987805464067
5987805464129
5987805464204
5987805464272
5987805464433
5987805464480
5987805464553
5987805464614
5987805464674
5987805464735
5987805464796
5987805464857
5987805464918
5987805464982
5987805465042
5987805465103
5987805465245
5987805465486
5987805465546
