5987805379529
5987805380610
5987805381752
5987805382804
5987805382828
5987805382930
5987805382991
5987805383052
5987805383104
5987805383173
5987805383234
5987805383295
5987805383358
5987805383418
5987805384024
5987805384084
5987805384141
5987805384203
5987805384264
5987805384325
5987805384387
5987805384447
5987805384507
5987805384568
5987805384629
5987805384689
5987805384750
5987805384810
5987805384871
5987805384934
5987805384995
5987805385055
5987805385116
5987805385176
5987805385237
5987805385299
5987805385359
5987805385419
5987805385481
5987805385660
5987805386316
5987805386376
5987805386436
5987805386497
5987805386557
5987805386624
5987805386672
5987805386718
5987805386785
5987805386832
5987805386878
5987805386923
5987805386987
5987805387049
5987805387110
5987805387171
5987805387232
5987805387294
5987805387354
5987805387401
5987805387490
5987805387553
5987805387614
5987805387674
5987805387735
5987805387796
5987805387857
5987805387917
5987805387978
5987805388038
5987805388099
5987805388160
5987805388220
5987805388280
5987805388342
5987805388402
5987805388463
5987805388524
5987805388584
5987805388645
5987805388706
5987805388767
5987805388828
5987805388888
5987805388949
5987805389010
5987805389070
5987805389132
5987805389193
5987805389254
5987805389316
5987805389376
5987805389436
5987805389498
5987805389557
5987805389618
5987805389685
5987805389738
5987805389833
5987805389894
5987805389956
5987805390019
5987805390079
5987805390141
5987805390201
5987805390262
5987805390326
5987805390385
5987805390445
5987805390507
5987805390566
5987805390622
5987805390711
5987805390772
5987805390834
5987805390893
5987805390954
5987805391015
5987805391084
5987805391155
5987805391216
5987805391277
5987805391336
5987805391436
5987805391498
5987805391561
5987805391629
5987805391680
5987805391742
5987805391803
5987805391863
5987805391920
5987805391983
5987805392042
5987805392103
5987805392167
5987805392228
5987805392347
5987805392482
5987805392542
5987805392606
5987805392724
5987805392789
5987805392846
5987805392907
5987805392974
5987805393036
5987805393097
5987805393159
5987805393220
5987805393318
5987805393378
5987805393440
5987805393502
5987805393564
5987805393686
5987805393747
5987805393843
5987805393905
5987805393967
5987805394029
5987805394091
5987805394177
5987805394250
5987805394312
5987805394374
5987805394437
5987805394499
5987805394561
5987805394621
5987805394682
5987805394749
5987805394816
5987805394877
5987805394938
5987805394999
5987805395061
5987805396224
5987805396285
5987805396347
5987805396409
5987805396470
5987805396532
5987805396594
5987805396655
5987805396717
5987805396781
5987805396840
5987805396902
5987805396963
5987805397023
5987805397086
5987805397146
5987805397206
5987805397268
5987805397329
5987805397389
5987805397455
5987805397517
5987805397578
5987805397639
5987805397701
5987805397761
5987805397883
5987805397933
5987805397991
5987805398134
5987805398195
5987805398256
5987805398317
5987805398377
5987805398438
5987805398499
5987805398561
5987805398622
5987805398684
5987805398746
5987805398992
5987805399054
5987805399116
5987805399324
5987805399653
5987805399717
5987805399778
5987805399885
5987805399950
5987805400011
5987805400073
5987805400216
5987805400275
5987805400888
5987805401496
5987805407032
5987805407958
5987805408003
5987805408048
5987805408242
5987805408354
5987805408991
5987805420746
5987805420821
5987805420884
5987805420945
5987805421005
5987805421066
5987805421128
5987805421195
5987805421253
5987805421316
5987805421375
5987805421436
5987805421496
5987805421557
5987805421619
5987805421678
5987805421738
5987805421826
5987805421885
5987805421946
5987805422006
5987805422070
5987805422140
5987805422201
5987805422266
5987805422328
5987805422389
5987805422449
5987805422509
5987805422572
5987805422633
5987805422693
5987805422754
5987805422816
5987805422876
5987805422937
5987805423026
5987805423769
5987805423820
5987805423880
5987805423940
5987805424002
5987805424062
5987805424124
5987805424183
5987805424245
5987805424306
5987805424367
5987805424434
5987805424494
5987805424554
5987805424616
5987805424678
5987805424739
5987805424799
5987805424859
5987805424919
5987805424981
5987805425042
5987805425103
5987805425164
5987805425224
5987805425285
5987805425346
5987805425407
5987805425468
5987805425530
5987805425590
5987805425651
5987805425712
5987805425772
5987805425833
5987805425894
5987805425959
5987805426019
5987805426080
5987805426140
5987805426201
5987805426261
5987805426322
5987805426382
5987805426443
5987805426505
5987805426565
5987805426626
5987805426686
5987805426747
5987805426808
5987805426929
5987805428011
5987805429091
5987805429297
5987805429354
5987805429433
5987805429495
5987805429555
5987805429615
5987805429677
5987805429737
5987805429797
5987805429859
5987805429920
5987805429981
5987805430042
5987805430102
5987805430162
5987805430223
5987805430285
5987805430345
5987805430405
5987805430466
5987805430528
5987805430588
5987805430649
5987805430710
5987805430775
5987805430836
5987805430961
5987805432041
5987805433202
5987805434307
5987805435392
5987805436533
5987805437727
5987805438861
5987805439983
5987805441185
5987805442328
5987805443409
5987805444543
5987805445705
5987805446785
5987805446838
5987805447866
5987805448946
5987805450027
5987805451107
5987805452187
5987805453267
5987805454348
5987805455436
5987805456570
5987805457651
5987805458731
5987805459932
5987805461075
5987805462208
5987805463288
5987805464431
5987805464696
5987805464750
5987805464812
5987805464872
5987805464933
5987805464993
5987805465054
5987805465115
5987805465176
5987805465236
5987805465297
5987805465473
