5987805379215
5987805379286
5987805379347
5987805379407
5987805379468
5987805379535
5987805379594
5987805379654
5987805379715
5987805379780
5987805379826
5987805379901
5987805379961
5987805380022
5987805380083
5987805380144
5987805380206
5987805380266
5987805380751
5987805380817
5987805380877
5987805380938
5987805380998
5987805381048
5987805381119
5987805381179
5987805381240
5987805381301
5987805381362
5987805381426
5987805381486
5987805381547
5987805381608
5987805381658
5987805381729
5987805381790
5987805381850
5987805381911
5987805381972
5987805382032
5987805382093
5987805382236
5987805382577
5987805382955
5987805383185
5987805383248
5987805383308
5987805383369
5987805383430
5987805383482
5987805383551
5987805383612
5987805383678
5987805383740
5987805383802
5987805383862
5987805383922
5987805383983
5987805384043
5987805384089
5987805384162
5987805384223
5987805384283
5987805384343
5987805384405
5987805384465
5987805384526
5987805384587
5987805384647
5987805384708
5987805384770
5987805384956
5987805386055
5987805387152
5987805388253
5987805389136
5987805389237
5987805389426
5987805389486
5987805389549
5987805389607
5987805389670
5987805389731
5987805389791
5987805389853
5987805389912
5987805389990
5987805390052
5987805390111
5987805390172
5987805390233
5987805390293
5987805390355
5987805390415
5987805390475
5987805390535
5987805390596
5987805390672
5987805390732
5987805390805
5987805390858
5987805390910
5987805390957
5987805391019
5987805391079
5987805391140
5987805391200
5987805391260
5987805391325
5987805391385
5987805391445
5987805391506
5987805391566
5987805391626
5987805391689
5987805391749
5987805391809
5987805391870
5987805391930
5987805391996
5987805392052
5987805392121
5987805392181
5987805392239
5987805392302
5987805392361
5987805392424
5987805392481
5987805392532
5987805392614
5987805392700
5987805392764
5987805392821
5987805392884
5987805392943
5987805393006
5987805393064
5987805393132
5987805393190
5987805393253
5987805393313
5987805393376
5987805393436
5987805393500
5987805393560
5987805393690
5987805393892
5987805393955
5987805394017
5987805394076
5987805394139
5987805394204
5987805394263
5987805394325
5987805394385
5987805394448
5987805394507
5987805394569
5987805394629
5987805394692
5987805394752
5987805394814
5987805394873
5987805394936
5987805395001
5987805395065
5987805395123
5987805395186
5987805395246
5987805395309
5987805395368
5987805395431
5987805395490
5987805395552
5987805395610
5987805395673
5987805395732
5987805395794
5987805395853
5987805395915
5987805395973
5987805396036
5987805396095
5987805396158
5987805396215
5987805396277
5987805396337
5987805396460
5987805396537
5987805396581
5987805396669
5987805396730
5987805396790
5987805396860
5987805396914
5987805396974
5987805397035
5987805397096
5987805397152
5987805397215
5987805397277
5987805397333
5987805397454
5987805397516
5987805397576
5987805397636
5987805397697
5987805397757
5987805397817
5987805397879
5987805397937
5987805397998
5987805398059
5987805398143
5987805398203
5987805398267
5987805398327
5987805398390
5987805398463
5987805398510
5987805398573
5987805398632
5987805398692
5987805398753
5987805398815
5987805398880
5987805398943
5987805399006
5987805399069
5987805399127
5987805399146
5987805399204
5987805399264
5987805399328
5987805399386
5987805399449
5987805399513
5987805399571
5987805399631
5987805399693
5987805399754
5987805399816
5987805399876
5987805399936
5987805399997
5987805400058
5987805400126
5987805400186
5987805400247
5987805400311
5987805400370
5987805400431
5987805400491
5987805400554
5987805400614
5987805400673
5987805400734
5987805400796
5987805400855
5987805400917
5987805400977
5987805401155
5987805401383
5987805401445
5987805401504
5987805401564
5987805401624
5987805401685
5987805401739
5987805401799
5987805401860
5987805401922
5987805401984
5987805402044
5987805402226
5987805402451
5987805402509
5987805402570
5987805402661
5987805402722
5987805402783
5987805402843
5987805402903
5987805402963
5987805403024
5987805403087
5987805403149
5987805403215
5987805403273
5987805403332
5987805403396
5987805403455
5987805403518
5987805403576
5987805403642
5987805403714
5987805403773
5987805403836
5987805403895
5987805403959
5987805404018
5987805404078
5987805404138
5987805404201
5987805404260
5987805404320
5987805404383
5987805404442
5987805404504
5987805404562
5987805404617
5987805404703
5987805404759
5987805404819
5987805404881
5987805404939
5987805405002
5987805405060
5987805405123
5987805405183
5987805405315
5987805405406
5987805405469
5987805405528
5987805405591
5987805405649
5987805405711
5987805405772
5987805405832
5987805405895
5987805405955
5987805406016
5987805406079
5987805406202
5987805406301
5987805406504
5987805406564
5987805406628
5987805406687
5987805406750
5987805406809
5987805406872
5987805406930
5987805406993
5987805407182
5987805407366
5987805407425
5987805407486
5987805407546
5987805407608
5987805407669
5987805407736
5987805407797
5987805407856
5987805407917
5987805407977
5987805408039
5987805408105
5987805408161
5987805408221
5987805408282
5987805408342
5987805408404
5987805408464
5987805408524
5987805408585
5987805408645
5987805408705
5987805408766
5987805408829
5987805408885
5987805408967
5987805409029
5987805409089
5987805409151
5987805409211
5987805409271
5987805409333
5987805409393
5987805409453
5987805409514
5987805409575
5987805409813
5987805410247
5987805410894
5987805411198
5987805411259
5987805411327
5987805411388
5987805411448
5987805411507
5987805411581
5987805411641
5987805411701
5987805411763
5987805411822
5987805411887
5987805411949
5987805412009
5987805412221
5987805412285
5987805412347
5987805412408
5987805412468
5987805412530
5987805412591
5987805412651
5987805412713
5987805412781
5987805413427
5987805413486
5987805413550
5987805413602
5987805413682
5987805413742
5987805413804
5987805413867
5987805413927
5987805413988
5987805414049
5987805414110
5987805414170
5987805414232
5987805414293
5987805414355
5987805414415
5987805414476
5987805414539
5987805414599
5987805414659
5987805414719
5987805414782
5987805414844
5987805414937
5987805414999
5987805415059
5987805415119
5987805415179
5987805415240
5987805415302
5987805415363
5987805415423
5987805415484
5987805415545
5987805415606
5987805415668
5987805415730
5987805415790
5987805415842
5987805415890
5987805415992
5987805416052
5987805416113
5987805416173
5987805416234
5987805416295
5987805416356
5987805416417
5987805416479
5987805416550
5987805416612
5987805416673
5987805416734
5987805416795
5987805416855
5987805416916
5987805416977
5987805417037
5987805417099
5987805417159
5987805417625
5987805417685
5987805417747
5987805417807
5987805417867
5987805417928
5987805417989
5987805418050
5987805418112
5987805418173
5987805418234
5987805418296
5987805418357
5987805419473
5987805419535
5987805419593
5987805419655
5987805419716
5987805419776
5987805419837
5987805419898
5987805419957
5987805420019
5987805420080
5987805420140
5987805420208
5987805420262
5987805420322
5987805420384
5987805420445
5987805420504
5987805420566
5987805420764
5987805420817
5987805420878
5987805420939
5987805421002
5987805421062
5987805421123
5987805421184
5987805421245
5987805421306
5987805421367
5987805421429
5987805421490
5987805421797
5987805421858
5987805421920
5987805421981
5987805422041
5987805422103
5987805422154
5987805422237
5987805422298
5987805422361
5987805422609
5987805422838
5987805422894
5987805422954
5987805423016
5987805423079
5987805423157
5987805423206
5987805423263
5987805423323
5987805423384
5987805423445
5987805423506
5987805423566
5987805423628
5987805423689
5987805423750
5987805423810
5987805423872
5987805423932
5987805423993
5987805424054
5987805424232
5987805424422
5987805424483
5987805424544
5987805424605
5987805424666
5987805424728
5987805424789
5987805424850
5987805424911
5987805425089
5987805425574
5987805425635
5987805425696
5987805425757
5987805425817
5987805425877
5987805425938
5987805425998
5987805426059
5987805426121
5987805426181
5987805426241
5987805426302
5987805426373
5987805427424
5987805427485
5987805427547
5987805427607
5987805427669
5987805427729
5987805427790
5987805427849
5987805427932
5987805427994
5987805428056
5987805428116
5987805428177
5987805428238
5987805428299
5987805428360
5987805428421
5987805428481
5987805428542
5987805428603
5987805428663
5987805428723
5987805428785
5987805428845
5987805428905
5987805428966
5987805429026
5987805429808
5987805429867
5987805429932
5987805429992
5987805430042
5987805430135
5987805430197
5987805430257
5987805430319
5987805430432
5987805430495
5987805430550
5987805430651
5987805430783
5987805430888
5987805430948
5987805431009
5987805431073
5987805431156
5987805431218
5987805431278
5987805431338
5987805431400
5987805431460
5987805431521
5987805431582
5987805431642
5987805431703
5987805431763
5987805431824
5987805431884
5987805431945
5987805432005
5987805432066
5987805432128
5987805432191
5987805432249
5987805432310
5987805432370
5987805432431
5987805432491
5987805432552
5987805432612
5987805432672
5987805432733
5987805432793
5987805432854
5987805432914
5987805432975
5987805433035
5987805433096
5987805433157
5987805433218
5987805433277
5987805433339
5987805433399
5987805433459
5987805433520
5987805433581
5987805433641
5987805433703
5987805433763
5987805433823
5987805433886
5987805433946
5987805434009
5987805434070
5987805434130
5987805434192
5987805434252
5987805434314
5987805434375
5987805434437
5987805434503
5987805434564
5987805434625
5987805434686
5987805434746
5987805434808
5987805434868
5987805434928
5987805434990
5987805435050
5987805435111
5987805435172
5987805435233
5987805435293
5987805435356
5987805435415
5987805435476
5987805435538
5987805435599
5987805435660
5987805435722
5987805435782
5987805435842
5987805435904
5987805435964
5987805436023
5987805436085
5987805436146
5987805436206
5987805436267
5987805436328
5987805436388
5987805436449
5987805436510
5987805436570
5987805436641
5987805436701
5987805436761
5987805436823
5987805436884
5987805436945
5987805437005
5987805437065
5987805437127
5987805437187
5987805437248
5987805437308
5987805437368
5987805437428
5987805437490
5987805437550
5987805437612
5987805437672
5987805437733
5987805437794
5987805437854
5987805437915
5987805437977
5987805438037
5987805438098
5987805438159
5987805438219
5987805438280
5987805438341
5987805438401
5987805438461
5987805438523
5987805438585
5987805438645
5987805438707
5987805438767
5987805438827
5987805438889
5987805438956
5987805439016
5987805439077
5987805439137
5987805439198
5987805439259
5987805439321
5987805439381
5987805439441
5987805439501
5987805439561
5987805439623
5987805439683
5987805439743
5987805439805
5987805439865
5987805439925
5987805439987
5987805440047
5987805440108
5987805440169
5987805440246
5987805440306
5987805440366
5987805440433
5987805440494
5987805440555
5987805440615
5987805440676
5987805440737
5987805440797
5987805440858
5987805440919
5987805440979
5987805441040
5987805441101
5987805441161
5987805441223
5987805441284
5987805441344
5987805441405
5987805441466
5987805441527
5987805441587
5987805441648
5987805441709
5987805441947
5987805442007
5987805442069
5987805442130
5987805442190
5987805442251
5987805442311
5987805442372
5987805442434
5987805442494
5987805442557
5987805442618
5987805442679
5987805443780
5987805444860
5987805445986
5987805447067
5987805448279
5987805449360
5987805450541
5987805451650
5987805452730
5987805453901
5987805454982
5987805456099
5987805457180
5987805458260
5987805459340
5987805460421
5987805461502
5987805462679
5987805463759
5987805464840
