5987805380090
5987805380295
5987805380355
5987805380416
5987805380480
5987805380541
5987805380602
5987805380663
5987805380723
5987805380785
5987805380845
5987805381180
5987805381225
5987805381301
5987805381361
5987805381423
5987805381485
5987805381545
5987805381607
5987805381667
5987805381728
5987805381789
5987805381850
5987805381910
5987805381972
5987805382150
5987805382347
5987805382418
5987805382478
5987805382539
5987805382599
5987805382660
5987805382720
5987805382787
5987805382847
5987805382908
5987805382969
5987805383029
5987805383090
5987805383150
5987805383210
5987805383271
5987805383336
5987805383396
5987805383457
5987805383517
5987805383578
5987805383638
5987805383701
5987805383761
5987805383823
5987805383883
5987805383944
5987805384006
5987805384077
5987805384222
5987805384282
5987805384343
5987805384404
5987805384464
5987805384524
5987805384586
5987805384647
5987805384707
5987805384768
5987805384830
5987805384890
5987805384952
5987805385012
5987805385072
5987805385134
5987805385194
5987805385257
5987805385322
5987805385382
5987805385440
5987805385501
5987805385561
5987805385623
5987805385688
5987805385748
5987805385811
5987805385872
5987805385932
5987805385992
5987805386049
5987805386113
5987805386173
5987805386238
5987805386299
5987805386361
5987805386423
5987805386601
5987805386772
5987805386961
5987805387023
5987805387070
5987805387145
5987805387205
5987805387267
5987805387328
5987805387388
5987805387449
5987805387509
5987805387569
5987805387631
5987805387749
5987805387919
5987805387980
5987805388042
5987805388104
5987805388164
5987805388217
5987805388291
5987805388352
5987805388412
5987805388475
5987805388533
5987805388595
5987805388642
5987805388729
5987805388791
5987805388851
5987805388913
5987805388973
5987805389033
5987805389095
5987805389156
5987805389218
5987805389280
5987805389338
5987805389398
5987805389459
5987805389521
5987805389582
5987805389643
5987805389703
5987805389762
5987805389816
5987805389877
5987805389949
5987805390067
5987805390135
5987805390198
5987805390260
5987805390318
5987805390379
5987805390463
5987805390523
5987805390583
5987805390721
5987805390767
5987805390837
5987805390892
5987805390953
5987805391014
5987805391076
5987805391137
5987805391198
5987805391260
5987805391320
5987805391385
5987805391447
5987805391506
5987805391567
5987805391616
5987805391690
5987805391814
5987805391876
5987805392000
5987805392061
5987805392123
5987805392185
5987805392246
5987805392308
5987805392435
5987805392507
5987805392569
5987805392631
5987805392693
5987805392814
5987805392875
5987805392937
5987805392998
5987805393186
5987805393248
5987805393310
5987805393371
5987805393432
5987805393494
5987805393556
5987805393618
5987805393679
5987805393740
5987805393864
5987805393925
5987805393988
5987805394050
5987805394112
5987805394174
5987805394297
5987805394358
5987805394543
5987805394606
5987805394668
5987805394730
5987805394858
5987805394921
5987805394980
5987805395041
5987805395103
5987805395165
5987805395227
5987805395288
5987805395349
5987805395410
5987805395471
5987805395533
5987805395594
5987805395655
5987805395716
5987805395778
5987805395901
5987805395962
5987805396024
5987805396086
5987805396147
5987805396208
5987805396269
5987805396330
5987805396393
5987805396455
5987805396516
5987805396578
5987805397162
5987805397225
5987805397286
5987805397347
5987805397409
5987805397470
5987805397530
5987805397591
5987805397653
5987805397713
5987805397775
5987805397858
5987805397918
5987805397979
5987805398584
5987805398695
5987805398765
5987805398823
5987805398885
5987805398951
5987805399012
5987805399072
5987805399133
5987805399193
5987805399256
5987805399318
5987805399380
5987805399441
5987805399504
5987805399564
5987805399624
5987805399684
5987805399745
5987805399806
5987805399867
5987805399928
5987805399989
5987805400050
5987805400120
5987805400288
5987805400352
5987805400412
5987805400473
5987805400534
5987805400594
5987805400655
5987805400719
5987805400779
5987805400831
5987805400907
5987805400965
5987805401026
5987805401086
5987805401147
5987805401211
5987805401273
5987805401331
5987805401438
5987805401498
5987805401559
5987805401621
5987805401686
5987805401746
5987805401805
5987805401870
5987805401930
5987805401990
5987805402050
5987805402110
5987805402172
5987805402233
5987805402297
5987805402357
5987805402418
5987805402479
5987805402540
5987805402603
5987805402663
5987805402724
5987805402785
5987805402848
5987805402909
5987805402970
5987805403030
5987805403091
5987805403152
5987805403212
5987805403273
5987805403334
5987805403395
5987805403823
5987805403883
5987805403943
5987805404005
5987805404065
5987805404125
5987805404186
5987805404247
5987805404307
5987805404369
5987805404429
5987805404490
5987805404551
5987805404725
5987805405166
5987805405227
5987805405288
5987805405348
5987805405409
5987805405470
5987805405530
5987805405591
5987805405653
5987805405711
5987805405775
5987805405836
5987805405898
5987805405959
5987805406020
5987805406081
5987805406141
5987805406202
5987805406262
5987805406322
5987805406383
5987805406444
5987805407134
5987805407195
5987805407257
5987805407317
5987805407377
5987805407438
5987805407604
5987805408214
5987805408828
5987805408873
5987805408918
5987805409052
5987805409109
5987805409190
5987805409251
5987805409316
5987805409376
5987805409436
5987805409495
5987805409557
5987805409625
5987805409686
5987805409748
5987805409813
5987805409874
5987805409933
5987805409996
5987805410057
5987805410117
5987805410178
5987805410238
5987805410300
5987805410361
5987805410421
5987805410483
5987805410548
5987805410609
5987805410670
5987805410731
5987805410798
5987805410858
5987805410920
5987805410980
5987805411041
5987805411103
5987805411166
5987805411227
5987805411287
5987805411465
5987805412608
5987805413050
5987805413109
5987805413169
5987805413230
5987805413291
5987805413351
5987805413412
5987805413473
5987805413534
5987805413595
5987805413656
5987805413716
5987805413778
5987805413848
5987805414024
5987805414171
5987805414230
5987805414291
5987805414353
5987805414414
5987805414475
5987805414536
5987805414598
5987805414660
5987805414720
5987805414997
5987805415056
5987805415116
5987805415178
5987805415239
5987805415299
5987805415360
5987805415420
5987805415481
5987805415542
5987805415603
5987805415663
5987805415725
5987805415785
5987805416291
5987805416349
5987805416401
5987805416482
5987805416542
5987805416599
5987805416663
5987805416722
5987805416782
5987805416842
5987805416902
5987805416964
5987805417024
5987805417085
5987805417147
5987805417213
5987805417273
5987805417335
5987805417395
5987805417455
5987805417517
5987805417578
5987805417638
5987805417700
5987805417761
5987805417823
5987805417882
5987805417943
5987805418003
5987805418064
5987805418124
5987805418185
5987805418279
5987805418346
5987805418407
5987805418469
5987805418530
5987805418591
5987805418652
5987805418712
5987805418772
5987805418834
5987805418965
5987805419341
5987805419402
5987805419466
5987805419530
5987805419591
5987805419638
5987805419715
5987805419775
5987805419836
5987805419904
5987805419965
5987805420026
5987805420087
5987805420147
5987805420209
5987805420269
5987805420331
5987805420392
5987805420585
5987805420754
5987805420815
5987805420877
5987805420937
5987805420997
5987805421059
5987805421120
5987805421181
5987805421243
5987805421304
5987805421365
5987805421428
5987805421481
5987805421549
5987805421608
5987805421669
5987805421730
5987805421792
5987805421853
5987805421913
5987805421976
5987805422039
5987805422099
5987805422160
5987805422221
5987805422283
5987805422344
5987805422405
5987805422465
5987805422526
5987805422587
5987805422647
5987805422709
5987805422798
5987805423961
5987805424135
5987805424199
5987805424279
5987805424340
5987805424400
5987805424465
5987805424525
5987805424585
5987805424646
5987805424709
5987805424770
5987805424832
5987805424893
5987805425042
5987805425817
5987805425878
5987805425938
5987805425998
5987805426058
5987805426119
5987805426184
5987805426251
5987805426311
5987805426373
5987805426434
5987805426495
5987805426556
5987805426616
5987805426676
5987805426738
5987805426917
5987805427314
5987805427384
5987805427443
5987805427504
5987805427565
5987805427625
5987805427686
5987805427750
5987805427811
5987805427872
5987805427932
5987805427993
5987805428072
5987805428133
5987805428193
5987805428259
5987805428319
5987805428379
5987805428439
5987805428499
5987805428560
5987805428621
5987805428682
5987805428742
5987805428803
5987805428863
5987805428923
5987805428984
5987805429125
5987805429655
5987805429715
5987805429776
5987805429837
5987805429897
5987805429958
5987805430026
5987805430086
5987805430147
5987805430207
5987805430269
5987805430328
5987805430389
5987805430450
5987805430510
5987805430570
5987805430631
5987805430690
5987805430751
5987805430811
5987805430872
5987805430933
5987805430994
5987805431054
5987805431131
5987805431191
5987805431265
5987805431329
5987805431388
5987805431450
5987805431510
5987805431571
5987805431633
5987805431695
5987805431755
5987805431877
5987805431940
5987805432000
5987805432060
5987805432122
5987805432297
5987805433331
5987805433390
5987805433457
5987805433578
5987805433644
5987805433705
5987805433765
5987805433825
5987805433885
5987805433946
5987805434057
5987805435137
5987805436229
5987805437308
5987805438389
5987805439535
5987805440683
5987805441763
5987805442844
5987805443927
5987805445107
5987805446225
5987805447431
5987805448646
5987805449843
5987805451038
5987805451340
5987805452120
5987805453201
5987805454282
5987805455363
5987805456541
5987805457621
5987805458702
5987805459782
5987805460934
5987805462099
5987805464286
5987805465367
