5987805379706
5987805380471
5987805380614
5987805380718
5987805380793
5987805380888
5987805380954
5987805381004
5987805381098
5987805381215
5987805381336
5987805381426
5987805381577
5987805381697
5987805381759
5987805382059
5987805382299
5987805382381
5987805382441
5987805382554
5987805382618
5987805382693
5987805382751
5987805382798
5987805382858
5987805382951
5987805383012
5987805383071
5987805383209
5987805383297
5987805383388
5987805383469
5987805383550
5987805383742
5987805383813
5987805383909
5987805384041
5987805384132
5987805384206
5987805384315
5987805384373
5987805384435
5987805384502
5987805384562
5987805384644
5987805384742
5987805384811
5987805384880
5987805384941
5987805385001
5987805385082
5987805385204
5987805385281
5987805385409
5987805385470
5987805385538
5987805385666
5987805385742
5987805385829
5987805385890
5987805385950
5987805386012
5987805386072
5987805386128
5987805386207
5987805386325
5987805386386
5987805386482
5987805386601
5987805386670
5987805386730
5987805386790
5987805386850
5987805386910
5987805386970
5987805387030
5987805387107
5987805387174
5987805387271
5987805387333
5987805387395
5987805387464
5987805387607
5987805387788
5987805387967
5987805388029
5987805388189
5987805388280
5987805388415
5987805388475
5987805388595
5987805388657
5987805388718
5987805388820
5987805388907
5987805389000
5987805389209
5987805390134
5987805390259
5987805390321
5987805390439
5987805390545
5987805390618
5987805390700
5987805391072
5987805391135
5987805391196
5987805391304
5987805391364
5987805391446
5987805391553
5987805391613
5987805391687
5987805391793
5987805391881
5987805392002
5987805392139
5987805392304
5987805393384
5987805393482
5987805394214
5987805394274
5987805394334
5987805394424
5987805394547
5987805394620
5987805394680
5987805394752
5987805394859
5987805394919
5987805394987
5987805395047
5987805395061
5987805395123
5987805395182
5987805395243
5987805395303
5987805395407
5987805395470
5987805395531
5987805395592
5987805395652
5987805395774
5987805395849
5987805395952
5987805396013
5987805397062
5987805397121
5987805397181
5987805397244
5987805397400
5987805397479
5987805397660
5987805397720
5987805397781
5987805397839
5987805397927
5987805398111
5987805398632
5987805398749
5987805398929
5987805399015
5987805399109
