5987805380153
5987805381234
5987805382322
5987805383467
5987805383637
5987805383696
5987805383756
5987805383817
5987805383877
5987805383937
5987805383999
5987805384059
5987805384126
5987805384188
5987805384248
5987805384308
5987805384369
5987805384429
5987805385630
5987805386426
5987805386497
5987805386557
5987805386619
5987805386680
5987805386740
5987805386802
5987805386849
5987805386949
5987805387015
5987805387075
5987805387140
5987805387200
5987805387260
5987805387327
5987805387390
5987805387450
5987805387511
5987805387578
5987805387639
5987805387700
5987805387761
5987805387823
5987805387890
5987805387951
5987805388012
5987805388073
5987805388133
5987805388193
5987805388254
5987805388316
5987805388377
5987805388437
5987805388498
5987805388559
5987805388619
5987805388681
5987805388741
5987805388802
5987805388863
5987805388923
5987805388984
5987805389045
5987805389106
5987805389167
5987805389231
5987805389292
5987805389352
5987805389414
5987805389476
5987805389536
5987805389597
5987805389657
5987805389718
5987805389780
5987805389840
5987805389900
5987805389961
5987805390023
5987805390084
5987805390146
5987805390210
5987805390269
5987805390330
5987805390391
5987805390452
5987805390513
5987805390573
5987805390634
5987805390695
5987805390755
5987805390816
5987805390877
5987805390984
5987805391278
5987805391339
5987805391401
5987805391462
5987805391523
5987805391585
5987805391646
5987805391707
5987805391770
5987805391885
5987805392382
5987805392442
5987805392503
5987805392564
5987805392624
5987805392687
5987805392749
5987805392810
5987805392871
5987805392932
5987805392993
5987805393053
5987805393115
5987805393176
5987805393712
5987805393775
5987805393835
5987805393896
5987805393957
5987805394017
5987805394078
5987805394138
5987805394198
5987805394260
5987805394321
5987805394386
5987805394448
5987805394616
5987805395821
5987805395939
5987805396000
5987805396062
5987805396123
5987805396184
5987805396245
5987805396306
5987805396366
5987805396427
5987805396487
5987805396548
5987805396609
5987805396789
5987805397956
5987805398860
5987805398921
5987805398982
5987805399043
5987805399088
5987805399148
5987805399209
5987805399269
5987805399329
5987805399390
5987805399450
5987805399574
5987805399632
5987805399692
5987805399753
5987805399814
5987805399874
5987805399935
5987805400063
5987805400555
5987805400615
5987805400677
5987805400738
5987805400799
5987805400860
5987805400920
5987805400979
5987805401041
5987805401099
5987805401159
5987805401224
5987805401284
5987805401344
5987805401404
5987805401464
5987805401525
5987805401587
5987805401650
5987805401710
5987805401770
5987805401830
5987805401892
5987805401988
5987805402048
5987805402110
5987805402171
5987805402231
5987805402292
5987805402385
5987805402446
5987805402506
5987805402567
5987805402627
5987805402688
5987805402748
5987805402809
5987805402870
5987805402930
5987805402991
5987805403060
5987805403260
5987805403320
5987805403381
5987805403441
5987805403501
5987805403563
5987805403623
5987805403684
5987805403746
5987805403807
5987805403892
5987805403956
5987805404016
5987805404077
5987805404139
5987805404198
5987805404258
5987805404319
5987805404379
5987805404439
5987805404501
5987805404562
5987805404622
5987805404683
5987805404751
5987805404873
5987805404934
5987805405550
5987805406333
5987805406393
5987805406453
5987805406564
5987805406624
5987805406685
5987805406745
5987805406807
5987805406867
5987805406928
5987805406989
5987805407056
5987805407117
5987805407178
5987805407239
5987805407299
5987805407361
5987805407445
5987805407476
5987805407540
5987805407600
5987805407661
5987805407722
5987805407782
5987805407841
5987805407902
5987805407963
5987805408021
5987805408082
5987805408145
5987805408205
5987805408266
5987805408326
5987805408387
5987805408449
5987805408509
5987805408569
5987805408630
5987805408692
5987805408752
5987805408814
5987805408874
5987805408934
5987805409000
5987805409060
5987805409121
5987805409201
5987805409260
5987805409324
5987805409388
5987805409451
5987805409511
5987805409613
5987805409678
5987805409740
5987805409802
5987805409862
5987805409923
5987805409983
5987805410044
5987805410106
5987805410167
5987805410227
5987805410289
5987805410350
5987805410721
5987805410783
5987805410843
5987805410904
5987805410965
5987805411019
5987805411086
5987805411146
5987805411207
5987805411269
5987805411329
5987805411390
5987805411452
5987805411512
5987805411781
5987805411826
5987805413082
5987805413708
5987805414322
5987805414515
5987805414560
5987805414606
5987805415227
5987805415835
5987805416445
5987805417053
5987805417664
5987805418890
5987805419897
5987805419975
5987805420036
5987805420097
5987805420158
5987805420219
5987805420280
5987805420342
5987805420402
5987805420464
5987805420525
5987805420586
5987805420647
5987805420710
5987805420832
5987805420887
5987805420989
5987805421051
5987805421174
5987805421236
5987805421298
5987805421360
5987805421422
5987805421484
5987805421546
5987805421608
5987805421670
5987805421732
5987805421793
5987805421854
5987805421917
5987805421979
5987805422101
5987805422163
5987805422225
5987805422286
5987805422347
5987805422469
5987805422532
5987805422589
5987805422650
5987805422710
5987805422772
5987805422833
5987805422893
5987805422954
5987805423014
5987805423075
5987805423139
5987805423201
5987805423262
5987805423324
5987805423446
5987805423507
5987805423573
5987805423635
5987805423696
5987805423819
5987805423880
5987805423942
5987805424003
5987805424065
5987805424188
5987805424250
5987805424312
5987805424374
5987805424435
5987805424496
5987805424558
5987805424620
5987805424681
5987805424743
5987805424805
5987805424867
5987805424928
5987805424991
5987805425053
5987805425115
5987805425733
5987805426237
5987805426298
5987805426359
5987805426420
5987805426482
5987805426543
5987805426605
5987805426667
5987805426729
5987805426791
5987805426852
5987805426955
5987805427019
5987805427078
5987805427144
5987805427262
5987805427323
5987805427385
5987805427447
5987805427508
5987805427568
5987805427628
5987805427691
5987805427758
5987805427818
5987805427885
5987805427945
5987805428005
5987805428066
5987805428127
5987805428198
5987805428257
5987805428318
5987805428378
5987805428441
5987805428501
5987805428562
5987805428624
5987805428684
5987805428745
5987805428807
5987805428868
5987805428928
5987805428989
5987805429049
5987805429111
5987805429172
5987805429233
5987805429293
5987805429354
5987805429414
5987805429474
5987805429535
5987805429596
5987805429656
5987805429707
5987805429807
5987805429868
5987805429928
5987805429989
5987805430051
5987805430111
5987805430171
5987805430232
5987805430333
5987805430397
5987805430457
5987805430519
5987805430579
5987805430639
5987805430700
5987805430760
5987805430806
5987805430881
5987805430942
5987805431003
5987805431062
5987805431124
5987805431183
5987805431245
5987805431294
5987805431344
5987805431396
5987805431473
5987805431532
5987805431594
5987805431660
5987805431718
5987805431777
5987805431831
5987805431877
5987805431922
5987805431988
5987805432048
5987805432107
5987805432172
5987805432230
5987805432307
5987805432369
5987805432430
5987805432491
5987805432551
5987805432612
5987805432678
5987805432733
5987805432794
5987805432855
5987805432915
5987805432976
5987805433037
5987805433097
5987805433157
5987805433218
5987805433279
5987805433341
5987805433401
5987805433462
5987805433523
5987805433584
5987805433644
5987805433705
5987805433765
5987805433825
5987805433886
5987805433947
5987805434008
5987805434070
5987805434131
5987805434191
5987805434251
5987805434311
5987805434378
5987805434438
5987805434500
5987805434561
5987805434621
5987805434682
5987805434742
5987805435378
5987805435438
5987805435504
5987805435564
5987805435625
5987805435686
5987805435746
5987805435806
5987805435868
5987805435928
5987805435988
5987805436050
5987805436110
5987805436170
5987805436232
5987805436293
5987805436354
5987805436416
5987805436477
5987805436537
5987805436598
5987805436659
5987805436719
5987805436780
5987805436841
5987805436901
5987805436962
5987805437037
5987805437099
5987805437159
5987805437220
5987805437280
5987805437340
5987805437401
5987805437461
5987805437522
5987805437583
5987805437643
5987805437704
5987805437765
5987805437826
5987805437886
5987805437952
5987805438013
5987805438075
5987805438137
5987805438198
5987805438259
5987805438321
5987805438381
5987805438441
5987805438501
5987805438562
5987805438623
5987805438684
5987805438745
5987805438805
5987805438866
5987805438927
5987805438987
5987805440068
5987805440461
5987805440509
5987805440570
5987805440631
5987805440690
5987805440753
5987805440812
5987805440873
5987805440933
5987805440994
5987805441056
5987805441116
5987805441177
5987805441239
5987805441300
5987805441360
5987805441420
5987805441480
5987805441541
5987805441603
5987805441663
5987805441723
5987805441783
5987805441845
5987805441906
5987805441968
5987805442029
5987805442089
5987805442151
5987805442211
5987805442271
5987805442332
5987805442393
5987805442453
5987805442515
5987805442577
5987805442638
5987805442701
5987805442761
5987805442822
5987805442883
5987805442945
5987805443006
5987805443069
5987805443129
5987805443189
5987805443251
5987805443311
5987805443377
5987805443438
5987805443498
5987805443559
5987805443624
5987805443684
5987805444764
5987805445844
5987805446985
5987805448125
5987805449205
5987805450285
5987805451366
5987805452447
5987805453649
5987805454788
5987805455977
5987805457070
5987805458150
5987805459230
5987805460371
5987805461069
5987805461166
5987805462246
5987805463449
5987805464530
