5987805379962
5987805381043
5987805382246
5987805382804
5987805382876
5987805382937
5987805382999
5987805383059
5987805383119
5987805383180
5987805383240
5987805383308
5987805383368
5987805383429
5987805383495
5987805383576
5987805383635
5987805383696
5987805383757
5987805383817
5987805383883
5987805383949
5987805384009
5987805384070
5987805384131
5987805384193
5987805384254
5987805384314
5987805384375
5987805384441
5987805384509
5987805384569
5987805384630
5987805384691
5987805384751
5987805384812
5987805384872
5987805384932
5987805384994
5987805385054
5987805385115
5987805385177
5987805385238
5987805385298
5987805385361
5987805385421
5987805385482
5987805385543
5987805385724
5987805385796
5987805385857
5987805385918
5987805385978
5987805386039
5987805386100
5987805386160
5987805386220
5987805386281
5987805386461
5987805387479
5987805387546
5987805387608
5987805387669
5987805387729
5987805387790
5987805387852
5987805387912
5987805387972
5987805388033
5987805388094
5987805388154
5987805388215
5987805388275
5987805389078
5987805389140
5987805389200
5987805389262
5987805389323
5987805389375
5987805389444
5987805389504
5987805389564
5987805389625
5987805389695
5987805389782
5987805389846
5987805389898
5987805389959
5987805390023
5987805390074
5987805390144
5987805390204
5987805390266
5987805390326
5987805390387
5987805390448
5987805390511
5987805390571
5987805390632
5987805390651
5987805390754
5987805390819
5987805390885
5987805390945
5987805391007
5987805391067
5987805391128
5987805391189
5987805391371
5987805392572
5987805393140
5987805393205
5987805393265
5987805393326
5987805393387
5987805393450
5987805393547
5987805393608
5987805393670
5987805393732
5987805393793
5987805393854
5987805393920
5987805393985
5987805394135
5987805394193
5987805394255
5987805394323
5987805394383
5987805394445
5987805394506
5987805394566
5987805394627
5987805394688
5987805394748
5987805394809
5987805394861
5987805394921
5987805394982
5987805395041
5987805395101
5987805395155
5987805395239
5987805395299
5987805395362
5987805395423
5987805395484
5987805395545
5987805395605
5987805396686
5987805396765
5987805397924
5987805398001
5987805398891
5987805398950
5987805399014
5987805399076
5987805399137
5987805399198
5987805399259
5987805399319
5987805399379
5987805399440
5987805399531
5987805400590
5987805400696
5987805400756
5987805400818
5987805400879
5987805400939
5987805401000
5987805401061
5987805401121
5987805401181
5987805401251
5987805401314
5987805401375
5987805401436
5987805401497
5987805401558
5987805401619
5987805401680
5987805401741
5987805401801
5987805401861
5987805401923
5987805401984
5987805402479
5987805402546
5987805402607
5987805402667
5987805402728
5987805402789
5987805402849
5987805402909
5987805402969
5987805403030
5987805403568
5987805403704
5987805403765
5987805403826
5987805403887
5987805403947
5987805404007
5987805404069
5987805404129
5987805404189
5987805404250
5987805404322
5987805404455
5987805404516
5987805404582
5987805404650
5987805404710
5987805404773
5987805404835
5987805404898
5987805404960
5987805405123
5987805405933
5987805406257
5987805407013
5987805408195
5987805408338
5987805408389
5987805408469
5987805408530
5987805408591
5987805408651
5987805408713
5987805408773
5987805408833
5987805408894
5987805408954
5987805409015
5987805409083
5987805409188
5987805409812
5987805409873
5987805409933
5987805409994
5987805410058
5987805410110
5987805410177
5987805410244
5987805410305
5987805410365
5987805410425
5987805410487
5987805410548
5987805410608
5987805410669
5987805410729
5987805410791
5987805410852
5987805411040
5987805411150
5987805412231
5987805412867
5987805412926
5987805412986
5987805413047
5987805413109
5987805413170
5987805413231
5987805413291
5987805413352
5987805413414
5987805413473
5987805413533
5987805413594
5987805413654
5987805413716
5987805413776
5987805413837
5987805413897
5987805413957
5987805414019
5987805414079
5987805414140
5987805414201
5987805414327
5987805414404
5987805414452
5987805414517
5987805414579
5987805414640
5987805414702
5987805414770
5987805414830
5987805414893
5987805414954
5987805415014
5987805415075
5987805415135
5987805415202
5987805415261
5987805415337
5987805415401
5987805415460
5987805415523
5987805415581
5987805415788
5987805415850
5987805415915
5987805415974
5987805416037
5987805416101
5987805416184
5987805416245
5987805416308
5987805416373
5987805416433
5987805416494
5987805416556
5987805416616
5987805416679
5987805416739
5987805416800
5987805416861
5987805416923
5987805416983
5987805417045
5987805417111
5987805417179
5987805417233
5987805417321
5987805417381
5987805417453
5987805417514
5987805417575
5987805417635
5987805417697
5987805417764
5987805417825
5987805417886
5987805417947
5987805418014
5987805418075
5987805418135
5987805418196
5987805418256
5987805418317
5987805418378
5987805418442
5987805418502
5987805418564
5987805418625
5987805418685
5987805418746
5987805418812
5987805418872
5987805418933
5987805419054
5987805419128
5987805419190
5987805419251
5987805419313
5987805419373
5987805419434
5987805419496
5987805419556
5987805419617
5987805419678
5987805419738
5987805419778
5987805419868
5987805419929
5987805419991
5987805420052
5987805420113
5987805420174
5987805420234
5987805420294
5987805420352
5987805420416
5987805420475
5987805420536
5987805420597
5987805420658
5987805420724
5987805420786
5987805420846
5987805420907
5987805420969
5987805421027
5987805421089
5987805421149
5987805421209
5987805421270
5987805421332
5987805421392
5987805421453
5987805421513
5987805421574
5987805421636
5987805421699
5987805421766
5987805421826
5987805421888
5987805421948
5987805422008
5987805422070
5987805422130
5987805422191
5987805422253
5987805422314
5987805422375
5987805422435
5987805422495
5987805422555
5987805422616
5987805422735
5987805423829
5987805424557
5987805424620
5987805424722
5987805424812
5987805424874
5987805424934
5987805424994
5987805425055
5987805425115
5987805425174
5987805425235
5987805425296
5987805425356
5987805425417
5987805425478
5987805425539
5987805425601
5987805425661
5987805425724
5987805425789
5987805425850
5987805426090
5987805426150
5987805426211
5987805426272
5987805426333
5987805426394
5987805426455
5987805426515
5987805426583
5987805426658
5987805426837
5987805426905
5987805426966
5987805427027
5987805427088
5987805427149
5987805427210
5987805427272
5987805427332
5987805427394
5987805427455
5987805427515
5987805427577
5987805427637
5987805427860
5987805427920
5987805427981
5987805428041
5987805428102
5987805428167
5987805428228
5987805428322
5987805428407
5987805428467
5987805428571
5987805428633
5987805428710
5987805428771
5987805428832
5987805428893
5987805428954
5987805429016
5987805429076
5987805429136
5987805429198
5987805429259
5987805429320
5987805429382
5987805429443
5987805429503
5987805429564
5987805429627
5987805429686
5987805429749
5987805429809
5987805429870
5987805429931
5987805429992
5987805430052
5987805430114
5987805430174
5987805430235
5987805430296
5987805430450
5987805431044
5987805431104
5987805431164
5987805431227
5987805431287
5987805431347
5987805431408
5987805431469
5987805431529
5987805431591
5987805431651
5987805431712
5987805431774
5987805431895
5987805432875
5987805432927
5987805433020
5987805433082
5987805433143
5987805433203
5987805433265
5987805433326
5987805433387
5987805433449
5987805433516
5987805433589
5987805433654
5987805433714
5987805433824
5987805434867
5987805434926
5987805434987
5987805435049
5987805435109
5987805435169
5987805435231
5987805435292
5987805435352
5987805435414
5987805435592
5987805436672
5987805437752
5987805438163
5987805438249
5987805438309
5987805438372
5987805438433
5987805438493
5987805438555
5987805438615
5987805438676
5987805438737
5987805438797
5987805438858
5987805438919
5987805438980
5987805439049
5987805439109
5987805439172
5987805439232
5987805439294
5987805439364
5987805439465
5987805439526
5987805439586
5987805439646
5987805439710
5987805439772
5987805440882
5987805441974
5987805443140
5987805444237
5987805445397
5987805446477
5987805447557
5987805448637
5987805449803
5987805450930
5987805452011
5987805453164
5987805454244
5987805455441
5987805456638
5987805457552
5987805458639
5987805459720
5987805460801
5987805461942
5987805463149
5987805464347
5987805465450
