5987805380049
5987805381188
5987805381780
5987805381834
5987805381894
5987805381955
5987805382016
5987805382079
5987805382139
5987805382206
5987805382267
5987805382329
5987805382391
5987805382451
5987805382512
5987805382579
5987805382644
5987805382704
5987805382763
5987805382824
5987805382885
5987805382947
5987805383007
5987805383069
5987805383131
5987805383191
5987805383252
5987805383314
5987805383397
5987805384510
5987805385716
5987805386798
5987805386968
5987805387014
5987805388103
5987805388322
5987805388383
5987805388443
5987805388502
5987805388564
5987805388624
5987805388684
5987805388756
5987805388823
5987805388882
5987805388944
5987805389005
5987805389066
5987805389127
5987805389188
5987805389248
5987805389312
5987805389372
5987805389432
5987805389494
5987805389675
5987805389905
5987805389963
5987805390025
5987805390086
5987805390147
5987805390208
5987805390273
5987805390334
5987805390401
5987805390463
5987805390598
5987805391729
5987805391824
5987805391885
5987805391953
5987805392015
5987805392074
5987805392135
5987805392203
5987805392262
5987805392330
5987805392393
5987805392452
5987805392514
5987805392575
5987805392636
5987805392698
5987805392759
5987805392819
5987805392880
5987805392940
5987805393021
5987805393067
5987805393234
5987805393861
5987805393921
5987805393982
5987805394042
5987805394103
5987805394168
5987805394230
5987805394290
5987805394351
5987805394412
5987805394564
5987805394625
5987805394686
5987805394748
5987805394807
5987805394868
5987805394928
5987805394989
5987805395051
5987805395112
5987805395172
5987805395233
5987805395375
5987805396455
5987805396997
5987805397057
5987805397119
5987805397180
5987805397241
5987805397301
5987805397361
5987805397423
5987805397486
5987805397546
5987805397606
5987805397666
5987805397729
5987805397789
5987805397849
5987805397910
5987805397971
5987805398031
5987805398092
5987805398153
5987805398213
5987805398274
5987805398436
5987805398558
5987805398621
5987805398683
5987805398744
5987805398799
5987805398866
5987805398926
5987805398986
5987805399047
5987805399109
5987805399170
5987805399232
5987805399336
5987805399416
5987805399477
5987805399538
5987805399598
5987805399659
5987805399720
5987805399780
5987805399842
5987805399904
5987805400060
5987805400381
5987805400436
5987805400516
5987805400576
5987805400636
5987805400695
5987805400756
5987805400816
5987805400877
5987805400938
5987805400999
5987805401060
5987805401121
5987805401181
5987805401241
5987805401303
5987805401422
5987805402602
5987805403773
5987805404281
5987805404340
5987805404401
5987805404462
5987805404522
5987805404583
5987805404644
5987805404705
5987805404765
5987805404826
5987805404887
5987805404947
5987805405009
5987805405026
5987805405170
5987805405228
5987805405292
5987805405352
5987805405413
5987805405474
5987805405535
5987805405595
5987805405657
5987805405718
5987805405778
5987805405839
5987805405975
5987805406163
5987805406224
5987805406285
5987805406346
5987805406502
5987805406620
5987805406679
5987805406740
5987805406802
5987805408257
5987805408318
5987805408379
5987805408439
5987805408499
5987805408560
5987805408627
5987805408694
5987805408755
5987805408874
5987805409638
5987805409693
5987805409779
5987805409839
5987805410016
5987805410139
5987805410200
5987805410261
5987805410330
5987805410394
5987805410454
5987805410553
5987805410614
5987805410694
5987805410783
5987805410843
5987805410979
5987805411080
5987805411259
5987805411321
5987805411435
5987805411519
5987805411581
5987805411641
5987805411701
5987805411761
5987805411821
5987805411867
5987805411933
5987805411992
5987805412052
5987805412113
5987805412290
5987805412524
5987805413606
5987805414551
5987805414611
5987805414673
5987805414733
5987805414785
5987805414855
5987805414915
5987805414975
5987805415035
5987805415180
5987805415241
5987805415301
5987805415406
5987805415543
5987805415604
5987805415664
5987805415728
5987805415788
5987805415848
5987805415917
5987805415979
5987805416035
5987805416095
5987805416148
5987805416209
5987805416300
5987805416373
5987805416441
5987805416518
5987805416641
5987805417454
5987805417515
5987805417576
5987805417637
5987805417776
5987805417880
5987805417956
5987805418102
5987805418385
5987805418630
5987805418746
5987805418928
5987805419019
5987805419078
5987805419133
5987805419194
5987805419263
5987805419322
5987805419381
5987805419434
5987805419497
5987805419706
5987805419831
5987805419971
5987805420038
5987805421118
5987805421634
5987805421808
5987805421869
5987805421930
5987805422059
5987805422133
5987805422243
5987805422325
5987805422422
5987805422613
5987805422852
5987805422914
5987805422980
5987805423040
5987805423100
5987805423210
5987805423283
5987805423353
5987805423420
5987805423605
5987805423800
5987805423887
5987805423947
5987805424007
5987805424069
5987805424129
5987805424195
5987805424267
5987805424333
5987805424408
5987805424507
5987805424581
5987805424644
5987805424715
5987805424775
5987805424875
5987805424960
5987805425029
5987805425134
5987805425197
5987805425257
5987805425332
5987805425394
5987805425454
5987805425520
5987805425653
5987805425757
5987805425821
5987805425882
5987805425999
5987805426065
5987805426125
5987805426182
5987805426295
5987805426404
5987805426470
5987805426531
5987805426592
5987805426654
5987805426719
5987805426788
5987805426847
5987805426927
5987805427014
5987805427075
5987805427135
5987805427195
5987805427255
5987805427315
5987805427376
5987805427436
5987805427503
5987805427563
5987805427630
5987805427692
5987805427765
5987805427869
5987805427962
5987805428095
5987805428159
5987805428219
5987805428311
5987805428394
5987805429533
5987805430411
5987805430494
5987805430587
5987805430655
5987805430708
5987805430787
5987805430847
5987805430914
5987805430975
5987805431035
5987805431125
5987805431291
5987805431350
5987805431424
5987805431486
5987805431614
5987805431815
5987805431934
5987805432012
5987805432141
5987805433224
5987805433616
5987805434407
5987805435488
5987805436592
5987805437071
5987805437188
5987805437289
5987805437375
5987805437491
5987805437577
5987805437741
5987805437841
5987805437940
5987805438000
5987805438060
5987805438120
5987805438206
5987805438266
5987805438360
5987805438420
5987805438540
5987805438803
5987805439884
5987805440964
5987805442045
5987805442108
5987805443188
5987805443310
5987805444390
5987805444450
5987805445530
5987805446669
5987805447755
5987805448837
5987805449219
5987805449943
5987805451142
5987805452234
5987805453425
5987805454515
5987805455597
5987805455836
5987805457025
5987805458227
5987805459436
5987805460626
5987805461708
5987805461863
5987805462799
5987805463935
5987805465023
