5987805379221
5987805379281
5987805379343
5987805379404
5987805379464
5987805379525
5987805379587
5987805379649
5987805379712
5987805379904
5987805380371
5987805380429
5987805381535
5987805381708
5987805381807
5987805381873
5987805381937
5987805381996
5987805382057
5987805382119
5987805382181
5987805382239
5987805382303
5987805382364
5987805382424
5987805382486
5987805382546
5987805382607
5987805382668
5987805382736
5987805382796
5987805382857
5987805382918
5987805382978
5987805383040
5987805383101
5987805383162
5987805383229
5987805383290
5987805383339
5987805383399
5987805383460
5987805383521
5987805383580
5987805383643
5987805383703
5987805383765
5987805383825
5987805383887
5987805383948
5987805384011
5987805384072
5987805384133
5987805384194
5987805384254
5987805384317
5987805384378
5987805384438
5987805384499
5987805384559
5987805384620
5987805384685
5987805384773
5987805385853
5987805386074
5987805386165
5987805386243
5987805386337
5987805386399
5987805386459
5987805386521
5987805386583
5987805386644
5987805386705
5987805386767
5987805386828
5987805386889
5987805386953
5987805387020
5987805388168
5987805388680
5987805388741
5987805388788
5987805388840
5987805388899
5987805388972
5987805389032
5987805389093
5987805389154
5987805389214
5987805389276
5987805389336
5987805389398
5987805389459
5987805389520
5987805389581
5987805389642
5987805389702
5987805389767
5987805389828
5987805389888
5987805389951
5987805390065
5987805390125
5987805390192
5987805390253
5987805390313
5987805390375
5987805390436
5987805390496
5987805390557
5987805390618
5987805390679
5987805391635
5987805391698
5987805391759
5987805391820
5987805391880
5987805391942
5987805392004
5987805392065
5987805392126
5987805392188
5987805392248
5987805392329
5987805392437
5987805392502
5987805392562
5987805392623
5987805392684
5987805392746
5987805392804
5987805392865
5987805392926
5987805392987
5987805393050
5987805393111
5987805393171
5987805393231
5987805393292
5987805393352
5987805393413
5987805393474
5987805393812
5987805394081
5987805394142
5987805394202
5987805394263
5987805394323
5987805394383
5987805394444
5987805394505
5987805394565
5987805394626
5987805394792
5987805394887
5987805394947
5987805395009
5987805395070
5987805395134
5987805395193
5987805395254
5987805395314
5987805395376
5987805395437
5987805395496
5987805395557
5987805395619
5987805395680
5987805395742
5987805395802
5987805395863
5987805395923
5987805396020
5987805396081
5987805396141
5987805396204
5987805396265
5987805396325
5987805396386
5987805396447
5987805396507
5987805396570
5987805396696
5987805397854
5987805397892
5987805397956
5987805398035
5987805398098
5987805398158
5987805398218
5987805398279
5987805398339
5987805398400
5987805398461
5987805398522
5987805398582
5987805398643
5987805398785
5987805399818
5987805399877
5987805399938
5987805399999
5987805400064
5987805400125
5987805400186
5987805400247
5987805400307
5987805400369
5987805400430
5987805400491
5987805400552
5987805400716
5987805400920
5987805400981
5987805401042
5987805401102
5987805401158
5987805401224
5987805401285
5987805401345
5987805401407
5987805401467
5987805401528
5987805401590
5987805401723
5987805401912
5987805401973
5987805402035
5987805402095
5987805402156
5987805402218
5987805402279
5987805402339
5987805402401
5987805402466
5987805402529
5987805402589
5987805402653
5987805402713
5987805402774
5987805402835
5987805402896
5987805402956
5987805403017
5987805403078
5987805403139
5987805403202
5987805403262
5987805403322
5987805403383
5987805403465
5987805404475
5987805404799
5987805404938
5987805404998
5987805405059
5987805405120
5987805405181
5987805405242
5987805405303
5987805405363
5987805405425
5987805405561
5987805405622
5987805405684
5987805405746
5987805405806
5987805405866
5987805405928
5987805405989
5987805406050
5987805406111
5987805406296
5987805406616
5987805406670
5987805406737
5987805406802
5987805406863
5987805406914
5987805406985
5987805407046
5987805407106
5987805407169
5987805407230
5987805407290
5987805407348
5987805407443
5987805407504
5987805407583
5987805407644
5987805407703
5987805407764
5987805407825
5987805407885
5987805407946
5987805408008
5987805408068
5987805408130
5987805408191
5987805408251
5987805408312
5987805408374
5987805408435
5987805408496
5987805408556
5987805408617
5987805408678
5987805408739
5987805408800
5987805408861
5987805408922
5987805408982
5987805409043
5987805409105
5987805409165
5987805409227
5987805409288
5987805409348
5987805409410
5987805409471
5987805410049
5987805410109
5987805410171
5987805410231
5987805410292
5987805410353
5987805410414
5987805410474
5987805410536
5987805410723
5987805410982
5987805411074
5987805411134
5987805411196
5987805411256
5987805411316
5987805411378
5987805411458
5987805411516
5987805411580
5987805411641
5987805411708
5987805411768
5987805411828
5987805411888
5987805411949
5987805412011
5987805412071
5987805412132
5987805412193
5987805412253
5987805412317
5987805412377
5987805412439
5987805412500
5987805412552
5987805412621
5987805412681
5987805412742
5987805412804
5987805412871
5987805412932
5987805412992
5987805413055
5987805413116
5987805413176
5987805413238
5987805413299
5987805413359
5987805413421
5987805413481
5987805413551
5987805413607
5987805413667
5987805413742
5987805413805
5987805413866
5987805413931
5987805413989
5987805414043
5987805414130
5987805414192
5987805414252
5987805414312
5987805414373
5987805414434
5987805414495
5987805414564
5987805414813
5987805414873
5987805414940
5987805415036
5987805415160
5987805415222
5987805415343
5987805415402
5987805415461
5987805415524
5987805415584
5987805415644
5987805415705
5987805415773
5987805415826
5987805415888
5987805415948
5987805416009
5987805416071
5987805416132
5987805416192
5987805416254
5987805416314
5987805416374
5987805416435
5987805416496
5987805416557
5987805416619
5987805416679
5987805416739
5987805416802
5987805416862
5987805416922
5987805416986
5987805417080
5987805418237
5987805418517
5987805418577
5987805418639
5987805418699
5987805418760
5987805418821
5987805418882
5987805418942
5987805419004
5987805419064
5987805419124
5987805419186
5987805419249
5987805419310
5987805419371
5987805419432
5987805419493
5987805419554
5987805419613
5987805419675
5987805419738
5987805419799
5987805419859
5987805419921
5987805419982
5987805420043
5987805420107
5987805420167
5987805420227
5987805420288
5987805420352
5987805420414
5987805420474
5987805420534
5987805420595
5987805420660
5987805420721
5987805420781
5987805420844
5987805420904
5987805420964
5987805421026
5987805421086
5987805421182
5987805421242
5987805421302
5987805421363
5987805421424
5987805421486
5987805421548
5987805421608
5987805421668
5987805421731
5987805421793
5987805421986
5987805422047
5987805422109
5987805422169
5987805422230
5987805422292
5987805422353
5987805422414
5987805422476
5987805422536
5987805422910
5987805422970
5987805423031
5987805423092
5987805423152
5987805423214
5987805423274
5987805423334
5987805423396
5987805423566
5987805424033
5987805424093
5987805424155
5987805424216
5987805424277
5987805424339
5987805424400
5987805424460
5987805424520
5987805424583
5987805424643
5987805424709
5987805424761
5987805424845
5987805424907
5987805424955
5987805425015
5987805425075
5987805425137
5987805425198
5987805425259
5987805425323
5987805425383
5987805425444
5987805425507
5987805425567
5987805425627
5987805425690
5987805425750
5987805426093
5987805426152
5987805426213
5987805426335
5987805426398
5987805426458
5987805426518
5987805426580
5987805426640
5987805426700
5987805426762
5987805426822
5987805426926
5987805426998
5987805427059
5987805427121
5987805427242
5987805427350
5987805427425
5987805427487
5987805427548
5987805427609
5987805427730
5987805427780
5987805427857
5987805427917
5987805427979
5987805428040
5987805428100
5987805428161
5987805428222
5987805428282
5987805428344
5987805428404
5987805428466
5987805428654
5987805428895
5987805428955
5987805429017
5987805429077
5987805429137
5987805429199
5987805429278
5987805429339
5987805429399
5987805429459
5987805429521
5987805429581
5987805429642
5987805429704
5987805429765
5987805429826
5987805429887
5987805429948
5987805429963
5987805430032
5987805430092
5987805430153
5987805430213
5987805430272
5987805430334
5987805430395
5987805430462
5987805430523
5987805430584
5987805430644
5987805430706
5987805430820
5987805431866
5987805431924
5987805431986
5987805432048
5987805432108
5987805432171
5987805432232
5987805432293
5987805432353
5987805432414
5987805432474
5987805432534
5987805432595
5987805432734
5987805433922
5987805435123
5987805436335
5987805437546
5987805438687
5987805439897
5987805440991
5987805442191
5987805443370
5987805444502
5987805445584
5987805446738
5987805447819
5987805449013
5987805450020
5987805450072
5987805450117
5987805451102
5987805452183
5987805453263
5987805454441
5987805455617
5987805456823
5987805457904
5987805459004
5987805459068
5987805459133
5987805459194
5987805459256
5987805459318
5987805459379
5987805459439
5987805459503
5987805459565
5987805459667
5987805460747
5987805461828
5987805462909
5987805463804
5987805463874
5987805463935
5987805463998
5987805464059
5987805464119
5987805464179
5987805464239
5987805464301
5987805464417
5987805464720
5987805465024
5987805465091
5987805465151
5987805465212
5987805465273
5987805465321
5987805465395
5987805465456
5987805465516
5987805465577
