5987805379920
5987805381000
5987805381492
5987805381566
5987805381626
5987805381687
5987805381747
5987805381808
5987805381869
5987805381929
5987805381989
5987805382050
5987805382110
5987805382170
5987805382232
5987805382292
5987805383481
5987805384603
5987805385683
5987805385908
5987805385968
5987805386028
5987805386088
5987805386148
5987805386209
5987805386269
5987805386333
5987805386394
5987805386476
5987805387372
5987805387423
5987805387483
5987805387544
5987805387604
5987805387666
5987805387727
5987805387785
5987805387845
5987805387907
5987805387968
5987805388030
5987805388089
5987805388149
5987805388211
5987805388274
5987805388335
5987805388395
5987805388456
5987805388516
5987805388576
5987805388637
5987805388698
5987805388758
5987805388818
5987805388879
5987805388944
5987805389145
5987805389205
5987805389265
5987805389326
5987805389392
5987805389451
5987805389513
5987805389573
5987805389632
5987805389693
5987805389753
5987805389813
5987805389875
5987805389935
5987805389995
5987805390057
5987805390125
5987805390185
5987805390248
5987805390309
5987805390370
5987805390432
5987805390493
5987805390553
5987805390613
5987805390680
5987805390740
5987805390801
5987805390862
5987805390923
5987805390984
5987805391046
5987805391107
5987805391224
5987805391284
5987805391345
5987805391411
5987805391464
5987805391526
5987805391586
5987805391646
5987805391708
5987805391768
5987805391828
5987805391890
5987805391951
5987805392011
5987805392072
5987805392133
5987805392200
5987805392261
5987805392324
5987805392388
5987805392448
5987805392510
5987805392571
5987805392631
5987805392692
5987805392752
5987805392812
5987805392873
5987805392981
5987805393061
5987805393814
5987805393882
5987805393945
5987805394007
5987805394065
5987805394126
5987805394187
5987805394247
5987805394307
5987805394369
5987805394435
5987805394495
5987805394557
5987805394618
5987805394678
5987805394739
5987805394800
5987805395554
5987805395614
5987805395673
5987805395718
5987805395823
5987805395883
5987805395944
5987805396005
5987805396065
5987805396125
5987805396186
5987805396246
5987805396310
5987805396371
5987805396431
5987805396492
5987805396552
5987805396611
5987805396671
5987805396732
5987805396792
5987805396853
5987805396912
5987805396974
5987805397034
5987805397200
5987805397259
5987805397320
5987805397381
5987805397441
5987805397502
5987805397562
5987805397623
5987805397684
5987805397745
5987805397805
5987805397866
5987805397948
5987805398067
5987805398127
5987805398188
5987805398249
5987805398310
5987805398372
5987805398432
5987805398493
5987805398555
5987805398615
5987805398673
5987805398734
5987805398795
5987805398855
5987805398917
5987805398978
5987805399038
5987805399099
5987805399160
5987805399221
5987805399291
5987805399351
5987805399414
5987805399475
5987805399534
5987805399595
5987805399655
5987805399718
5987805399776
5987805399836
5987805399900
5987805399958
5987805400020
5987805400080
5987805400142
5987805400200
5987805400264
5987805400322
5987805400383
5987805400446
5987805400504
5987805400566
5987805400626
5987805400691
5987805400747
5987805400810
5987805400868
5987805400932
5987805400990
5987805401054
5987805401112
5987805401174
5987805401233
5987805401295
5987805401353
5987805401416
5987805401534
5987805401595
5987805401658
5987805401718
5987805401781
5987805401846
5987805401907
5987805401969
5987805402036
5987805402096
5987805402157
5987805402217
5987805402278
5987805402339
5987805402519
5987805403443
5987805403496
5987805403576
5987805403636
5987805403697
5987805403757
5987805403818
5987805403879
5987805403947
5987805404008
5987805404069
5987805404129
5987805404191
5987805404310
5987805405356
5987805405417
5987805405478
5987805405539
5987805405604
5987805405665
5987805405725
5987805405786
5987805405852
5987805405916
5987805407001
5987805407978
5987805408038
5987805408098
5987805408158
5987805408218
5987805408278
5987805408340
5987805408401
5987805408461
5987805408522
5987805408582
5987805408643
5987805408704
5987805408765
5987805409906
5987805410374
5987805410433
5987805410493
5987805410559
5987805410620
5987805410680
5987805410742
5987805410802
5987805410862
5987805410924
5987805410984
5987805411044
5987805411106
5987805411285
5987805412076
5987805412122
5987805412221
5987805412281
5987805412343
5987805412403
5987805412464
5987805412525
5987805412586
5987805412646
5987805412707
5987805412767
5987805412828
5987805412889
5987805412949
5987805413365
5987805413424
5987805413484
5987805413545
5987805413606
5987805413666
5987805413727
5987805413788
5987805413848
5987805413911
5987805414029
5987805414820
5987805414880
5987805414940
5987805415001
5987805415061
5987805415122
5987805415185
5987805415245
5987805415305
5987805415367
5987805415559
5987805416663
5987805416992
5987805417051
5987805417111
5987805417173
5987805417235
5987805417295
5987805417359
5987805417420
5987805417480
5987805417541
5987805417622
5987805418127
5987805418188
5987805418247
5987805418310
5987805418369
5987805418429
5987805418489
5987805418551
5987805418613
5987805418671
5987805418733
5987805418793
5987805418855
5987805418918
5987805418977
5987805419038
5987805419098
5987805419164
5987805419218
5987805419285
5987805419346
5987805419408
5987805419468
5987805419531
5987805419592
5987805419652
5987805419713
5987805419774
5987805419832
5987805419903
5987805419961
5987805420038
5987805420101
5987805420159
5987805420222
5987805420280
5987805420343
5987805420401
5987805420463
5987805420522
5987805420583
5987805420647
5987805420751
5987805420811
5987805420872
5987805420937
5987805420995
5987805421057
5987805421116
5987805421195
5987805421243
5987805421304
5987805421374
5987805421428
5987805421490
5987805421553
5987805421611
5987805421672
5987805421736
5987805421817
5987805421878
5987805421938
5987805422002
5987805422061
5987805422123
5987805422181
5987805422250
5987805422311
5987805422371
5987805422432
5987805422494
5987805422552
5987805422616
5987805422674
5987805422742
5987805422795
5987805422861
5987805422921
5987805422982
5987805423044
5987805423103
5987805423166
5987805423225
5987805423286
5987805423346
5987805423414
5987805423472
5987805423537
5987805423597
5987805423665
5987805423719
5987805423781
5987805423841
5987805423904
5987805423962
5987805424025
5987805424083
5987805424143
5987805424205
5987805424266
5987805424328
5987805424387
5987805424449
5987805424508
5987805424572
5987805424660
5987805424721
5987805424784
5987805424844
5987805424904
5987805424965
5987805425027
5987805425119
5987805425179
5987805425243
5987805425304
5987805425363
5987805425430
5987805425494
5987805425555
5987805425615
5987805425676
5987805425736
5987805425798
5987805425856
5987805425917
5987805425978
5987805426041
5987805426099
5987805426160
5987805426221
5987805426281
5987805426344
5987805426402
5987805426464
5987805426524
5987805426587
5987805426645
5987805426707
5987805426766
5987805426828
5987805426886
5987805426948
5987805427008
5987805427070
5987805427129
5987805427193
5987805427252
5987805427314
5987805427373
5987805427435
5987805427494
5987805427556
5987805427614
5987805427677
5987805427737
5987805427799
5987805427858
5987805427920
5987805427978
5987805428041
5987805428100
5987805428163
5987805428221
5987805428285
5987805428343
5987805428405
5987805428464
5987805428526
5987805428585
5987805428649
5987805428708
5987805428771
5987805428829
5987805428891
5987805428950
5987805429013
5987805429072
5987805429134
5987805429194
5987805429256
5987805429314
5987805429378
5987805429436
5987805429499
5987805429558
5987805429620
5987805429678
5987805429740
5987805429800
5987805429863
5987805429921
5987805429984
5987805430043
5987805430103
5987805430165
5987805430228
5987805430290
5987805430348
5987805430411
5987805430470
5987805430533
5987805430600
5987805430658
5987805430726
5987805430779
5987805430841
5987805430903
5987805430961
5987805431030
5987805431088
5987805431150
5987805431209
5987805431272
5987805431379
5987805431440
5987805431503
5987805431562
5987805431625
5987805431682
5987805431744
5987805431804
5987805431888
5987805431948
5987805432011
5987805432075
5987805432138
5987805432226
5987805432292
5987805432354
5987805432414
5987805432474
5987805432536
5987805432595
5987805432657
5987805432715
5987805432777
5987805432835
5987805433013
5987805433081
5987805433139
5987805433202
5987805433260
5987805433321
5987805433383
5987805433443
5987805433504
5987805433564
5987805433627
5987805433685
5987805433747
5987805433807
5987805433869
5987805433928
5987805433988
5987805434048
5987805434109
5987805434170
5987805434230
5987805434294
5987805434352
5987805434415
5987805434475
5987805434538
5987805434596
5987805434660
5987805434718
5987805434781
5987805434840
5987805434901
5987805434961
5987805435023
5987805435086
5987805435144
5987805435207
5987805435265
5987805435325
5987805435393
5987805435457
5987805435515
5987805435590
5987805435635
5987805435695
5987805435756
5987805435819
5987805435878
5987805435946
5987805436005
5987805436067
5987805436125
5987805436188
5987805436247
5987805436309
5987805436369
5987805436431
5987805436490
5987805436552
5987805436611
5987805436672
5987805436732
5987805436796
5987805436854
5987805436916
5987805436975
5987805437038
5987805437096
5987805437160
5987805437234
5987805437296
5987805437355
5987805437417
5987805437476
5987805437538
5987805437596
5987805437659
5987805437717
5987805437780
5987805437837
5987805437901
5987805437958
5987805438021
5987805438080
5987805438143
5987805438192
5987805438250
5987805438312
5987805438375
5987805438435
5987805438496
5987805438557
5987805438617
5987805438678
5987805438739
5987805438800
5987805438864
5987805438960
5987805439087
5987805439171
5987805439231
5987805439292
5987805439353
5987805439414
5987805439475
5987805439535
5987805439596
5987805439658
5987805439718
5987805439778
5987805439839
5987805439907
5987805441044
5987805442125
5987805442386
5987805442635
5987805443715
5987805444896
5987805445976
5987805446641
5987805446733
5987805446793
5987805446854
5987805446915
5987805446975
5987805447036
5987805447097
5987805447157
5987805447218
5987805447284
5987805447344
5987805447406
5987805447466
5987805447755
5987805447816
5987805447877
5987805447938
5987805447998
5987805448059
5987805448119
5987805448185
5987805448247
5987805448307
5987805448367
5987805448428
5987805448488
5987805448548
5987805448610
5987805448742
5987805449822
5987805450973
5987805452054
5987805453134
5987805454334
5987805455417
5987805456557
5987805457637
5987805458760
5987805459919
5987805461121
5987805462336
5987805463538
5987805464619
