5987805379356
5987805379416
5987805379477
5987805379537
5987805379597
5987805379659
5987805379724
5987805379784
5987805379836
5987805379919
5987805379981
5987805380041
5987805380103
5987805380163
5987805380224
5987805380285
5987805380406
5987805380468
5987805380529
5987805380591
5987805380652
5987805380714
5987805380775
5987805380838
5987805380898
5987805380958
5987805381019
5987805381080
5987805381141
5987805381203
5987805381263
5987805381328
5987805381386
5987805381457
5987805381519
5987805381581
5987805381641
5987805381701
5987805381762
5987805381823
5987805381883
5987805381945
5987805382006
5987805382067
5987805382130
5987805382191
5987805382253
5987805382315
5987805382376
5987805382501
5987805382563
5987805382745
5987805382806
5987805382867
5987805382988
5987805383048
5987805383109
5987805383170
5987805383233
5987805383296
5987805383353
5987805385454
5987805385515
5987805385577
5987805385637
5987805385710
5987805385784
5987805385844
5987805385905
5987805385965
5987805386091
5987805386152
5987805386331
5987805386393
5987805386454
5987805386514
5987805386575
5987805386635
5987805396281
5987805396340
5987805396401
5987805396462
5987805396522
5987805396587
5987805396650
5987805396733
5987805396793
5987805396854
5987805396914
5987805396978
5987805397039
5987805397099
5987805397159
5987805397220
5987805397280
5987805397340
5987805397403
5987805397463
5987805397523
5987805397585
5987805397681
5987805397827
5987805397886
5987805397947
5987805398008
5987805398068
5987805398128
5987805398190
5987805398251
5987805398311
5987805398372
5987805398439
5987805398499
5987805398560
5987805398620
5987805398681
5987805398743
5987805398803
5987805398863
5987805398924
5987805398985
5987805399045
5987805399106
5987805399167
5987805399227
5987805399289
5987805399434
5987805400445
5987805400503
5987805400563
5987805400625
5987805400685
5987805400745
5987805400806
5987805400866
5987805400926
5987805400988
5987805401048
5987805401108
5987805401169
5987805401230
5987805401372
5987805401432
5987805401493
5987805401554
5987805401615
5987805401676
5987805401736
5987805401797
5987805401858
5987805401919
5987805401979
5987805402041
5987805402159
5987805402608
5987805402669
5987805402730
5987805402792
5987805402855
5987805402916
5987805402975
5987805403038
5987805403098
5987805403163
5987805403229
5987805403290
5987805403355
5987805403416
5987805403477
5987805403538
5987805403605
5987805403665
5987805403726
5987805403786
5987805403831
5987805403907
5987805403967
5987805404028
5987805404089
5987805404150
5987805404211
5987805404272
5987805404333
5987805404394
5987805404458
5987805404644
5987805404704
5987805404765
5987805405378
5987805405983
5987805406589
5987805406676
5987805406755
5987805406815
5987805406875
5987805406938
5987805406998
5987805407060
5987805407118
5987805407178
5987805407464
5987805409322
5987805409928
5987805411770
5987805412769
5987805412833
5987805412958
5987805413003
5987805413048
5987805413093
5987805413243
5987805413329
5987805413451
5987805413512
5987805413574
5987805413757
5987805413880
5987805413942
5987805414004
5987805414067
5987805414124
5987805414246
5987805414306
5987805414366
5987805414427
5987805414488
5987805414548
5987805414611
5987805414671
5987805414731
5987805414792
5987805414853
5987805414975
5987805415035
5987805415095
5987805415157
5987805415217
5987805415278
5987805415340
5987805415400
5987805415460
5987805415521
5987805415582
5987805416104
5987805416164
5987805416226
5987805416286
5987805416346
5987805416411
5987805416471
5987805416532
5987805416593
5987805416713
5987805416775
5987805416835
5987805416895
5987805416956
5987805417016
5987805417077
5987805417137
5987805417198
5987805417259
5987805417321
5987805417383
5987805417444
5987805417504
5987805417566
5987805417749
5987805417810
5987805417997
5987805418061
5987805418123
5987805418734
5987805418816
5987805419053
5987805419119
5987805419180
5987805419301
5987805419376
5987805419438
5987805419561
5987805419938
5987805419996
5987805420055
5987805420116
5987805420240
5987805420301
5987805420424
5987805420485
5987805420546
5987805420608
5987805420731
5987805420792
5987805420854
5987805420915
5987805420983
5987805421048
5987805421114
5987805421173
5987805421235
5987805421298
5987805421359
5987805421417
5987805421477
5987805421545
5987805421606
5987805421667
5987805421727
5987805421791
5987805421851
5987805421912
5987805421972
5987805422032
5987805422093
5987805422154
5987805422216
5987805422277
5987805422337
5987805422397
5987805422457
5987805422519
5987805422579
5987805422640
5987805422701
5987805422762
5987805422823
5987805422884
5987805422945
5987805423005
5987805423067
5987805423127
5987805423187
5987805423248
5987805423309
5987805423370
5987805423431
5987805423492
5987805423553
5987805423613
5987805423675
5987805423735
5987805423796
5987805423858
5987805423919
5987805424439
5987805424500
5987805424561
5987805424622
5987805424682
5987805424743
5987805424803
5987805424863
5987805424924
5987805424985
5987805425045
5987805425108
5987805425169
5987805426255
5987805427459
5987805428607
5987805429688
5987805430789
5987805431869
5987805432950
5987805434031
5987805435080
5987805435137
5987805435213
5987805435280
5987805435340
5987805435400
5987805435459
5987805435521
5987805435581
5987805435642
5987805435702
5987805435762
5987805435823
5987805435910
5987805436991
5987805438189
5987805439301
5987805440381
5987805441589
5987805442669
5987805443755
5987805444835
5987805445917
5987805446998
5987805448078
5987805449280
5987805450362
5987805451443
5987805452630
5987805453238
5987805453283
5987805454318
5987805455398
5987805456478
5987805457563
5987805458703
5987805459840
5987805460958
5987805462039
5987805463190
5987805464271
5987805465459
