5987805379239
5987805379298
5987805379358
5987805379420
5987805379481
5987805379529
5987805379602
5987805379663
5987805379723
5987805379784
5987805379855
5987805380135
5987805380449
5987805380514
5987805380576
5987805380638
5987805380698
5987805380745
5987805380820
5987805380880
5987805380940
5987805381001
5987805381063
5987805381121
5987805381183
5987805381345
5987805381670
5987805381702
5987805381801
5987805381862
5987805381922
5987805381985
5987805382046
5987805382107
5987805382170
5987805382231
5987805382410
5987805383491
5987805384571
5987805385176
5987805385237
5987805385297
5987805385359
5987805385420
5987805385473
5987805385542
5987805385602
5987805385664
5987805385725
5987805385795
5987805386877
5987805387952
5987805388013
5987805388076
5987805388134
5987805388197
5987805388257
5987805388361
5987805388437
5987805388495
5987805388557
5987805388621
5987805388682
5987805388742
5987805388801
5987805388870
5987805388930
5987805388990
5987805389057
5987805389156
5987805389215
5987805389267
5987805389329
5987805389394
5987805389457
5987805389516
5987805389576
5987805389636
5987805389704
5987805389783
5987805389845
5987805389909
5987805389970
5987805390032
5987805390092
5987805390153
5987805390214
5987805390274
5987805390335
5987805390396
5987805390456
5987805390517
5987805390578
5987805390638
5987805390699
5987805390759
5987805391766
5987805391825
5987805391886
5987805391948
5987805392008
5987805392069
5987805392131
5987805392192
5987805392256
5987805392318
5987805392378
5987805392438
5987805392502
5987805392630
5987805392948
5987805393011
5987805393085
5987805393150
5987805393212
5987805393273
5987805393332
5987805393391
5987805393454
5987805393513
5987805393578
5987805393639
5987805393699
5987805393764
5987805393824
5987805393884
5987805393945
5987805394005
5987805394064
5987805394126
5987805394226
5987805394288
5987805394350
5987805394411
5987805394479
5987805394540
5987805394600
5987805394661
5987805394723
5987805394783
5987805394843
5987805394905
5987805394964
5987805395024
5987805395086
5987805395146
5987805395206
5987805395267
5987805395328
5987805395388
5987805395449
5987805395509
5987805395569
5987805395630
5987805395691
5987805395926
5987805396342
5987805396679
5987805397102
5987805397834
5987805398093
5987805398394
5987805399235
5987805399660
5987805399706
5987805399796
5987805399844
5987805399917
5987805399976
5987805400032
5987805400108
5987805400171
5987805400231
5987805400290
5987805400353
5987805400413
5987805400474
5987805400536
5987805400596
5987805400656
5987805400717
5987805400779
5987805400847
5987805400908
5987805400968
5987805401028
5987805401089
5987805401150
5987805401211
5987805401271
5987805401332
5987805401393
5987805401454
5987805401516
5987805401577
5987805401637
5987805401698
5987805401790
5987805402236
5987805402533
5987805402701
5987805402762
5987805402823
5987805402883
5987805402943
5987805403005
5987805403065
5987805403125
5987805403188
5987805403257
5987805403567
5987805403627
5987805403689
5987805403750
5987805403814
5987805403917
5987805403980
5987805404025
5987805404086
5987805404131
5987805404209
5987805404288
5987805404350
5987805404410
5987805404471
5987805404531
5987805404591
5987805404653
5987805404715
5987805404775
5987805404836
5987805404900
5987805404963
5987805405022
5987805405082
5987805405144
5987805405205
5987805405266
5987805405325
5987805405386
5987805405447
5987805405509
5987805406203
5987805406263
5987805406324
5987805406384
5987805406445
5987805406506
5987805406566
5987805406628
5987805406707
5987805406802
5987805406867
5987805406927
5987805406987
5987805407049
5987805407110
5987805407170
5987805407231
5987805407291
5987805407352
5987805407413
5987805407495
5987805407556
5987805407617
5987805407678
5987805407740
5987805407802
5987805407863
5987805407924
5987805407988
5987805408133
5987805408476
5987805408773
5987805409101
5987805409258
5987805409325
5987805409386
5987805409446
5987805409508
5987805409569
5987805409631
5987805409692
5987805409753
5987805409812
5987805409873
5987805409933
5987805409993
5987805410079
5987805410140
5987805410200
5987805410264
5987805410344
5987805410394
5987805410456
5987805410516
5987805410576
5987805410635
5987805410701
5987805410761
5987805410822
5987805410883
5987805410943
5987805411004
5987805411081
5987805411141
5987805411203
5987805411264
5987805411356
5987805411416
5987805411477
5987805411537
5987805411598
5987805411663
5987805411722
5987805411783
5987805411844
5987805411906
5987805411965
5987805412026
5987805412087
5987805412147
5987805412207
5987805412269
5987805412329
5987805412390
5987805412451
5987805412511
5987805412572
5987805412634
5987805412701
5987805412761
5987805412823
5987805412884
5987805412944
5987805413006
5987805413130
5987805413191
5987805413252
5987805413313
5987805413373
5987805413433
5987805413494
5987805413555
5987805413615
5987805413676
5987805413736
5987805413797
5987805413857
5987805413917
5987805413979
5987805414039
5987805414100
5987805414160
5987805414221
5987805414283
5987805414344
5987805414405
5987805414467
5987805414528
5987805414589
5987805414650
5987805414710
5987805414770
5987805414832
5987805414892
5987805414957
5987805415018
5987805415202
5987805415423
5987805415480
5987805415542
5987805415602
5987805415663
5987805415724
5987805415784
5987805415845
5987805415906
5987805415966
5987805416028
5987805416089
5987805416150
5987805416211
5987805416317
5987805416416
5987805416478
5987805416539
5987805416597
5987805416661
5987805416723
5987805416783
5987805416843
5987805416905
5987805416966
5987805417026
5987805417087
5987805417148
5987805417216
5987805417279
5987805417340
5987805417401
5987805417466
5987805417525
5987805417590
5987805417652
5987805417713
5987805417774
5987805417835
5987805417897
5987805417957
5987805418019
5987805418080
5987805418141
5987805418202
5987805418311
5987805418472
5987805418533
5987805418595
5987805418655
5987805418715
5987805418775
5987805418838
5987805418899
5987805418960
5987805419021
5987805419082
5987805419142
5987805419202
5987805419264
5987805419325
5987805419385
5987805419446
5987805419507
5987805419567
5987805419628
5987805419689
5987805419752
5987805419813
5987805419873
5987805419933
5987805419997
5987805420059
5987805420121
5987805420182
5987805420244
5987805420305
5987805420366
5987805420472
5987805421552
5987805422633
5987805423810
5987805424953
5987805426128
5987805427208
5987805427409
5987805427469
5987805427529
5987805427591
5987805427652
5987805427712
5987805427774
5987805427835
5987805427895
5987805427956
5987805428016
5987805428076
5987805428138
5987805428199
5987805429345
5987805429646
5987805429706
5987805429765
5987805429825
5987805429887
5987805429948
5987805430008
5987805430069
5987805430129
5987805430189
5987805430251
5987805430311
5987805430371
5987805430432
5987805430611
5987805431780
5987805432860
5987805434063
5987805435143
5987805436347
5987805437377
5987805437426
5987805437473
5987805437519
5987805437592
5987805437653
5987805437715
5987805437776
5987805437837
5987805437899
5987805437959
5987805438020
5987805438081
5987805438148
5987805438209
5987805438271
5987805438335
5987805438400
5987805438457
5987805438521
5987805438580
5987805438641
5987805438703
5987805438764
5987805438824
5987805438885
5987805438945
5987805439006
5987805439067
5987805439257
5987805439851
5987805439911
5987805439973
5987805440033
5987805440093
5987805440154
5987805440214
5987805440275
5987805440336
5987805440396
5987805440457
5987805440518
5987805440578
5987805440638
5987805440700
5987805440760
5987805440821
5987805440882
5987805440943
5987805441004
5987805441065
5987805441126
5987805441186
5987805441248
5987805441316
5987805441376
5987805441438
5987805441525
5987805441788
5987805441861
5987805441922
5987805441982
5987805442050
5987805442110
5987805442171
5987805442231
5987805442292
5987805442352
5987805442413
5987805442474
5987805442535
5987805442602
5987805443695
5987805444775
5987805445975
5987805446066
5987805447148
5987805448228
5987805449369
5987805450573
5987805451769
5987805452850
5987805454052
5987805455133
5987805456238
5987805457377
5987805458523
5987805459727
5987805459857
5987805460937
5987805462017
5987805463197
5987805464279
5987805465409
