5987805379807
5987805380575
5987805380633
5987805380694
5987805380755
5987805380815
5987805380875
5987805380937
5987805380997
5987805381058
5987805381118
5987805381200
5987805381268
5987805381328
5987805381390
5987805381450
5987805381497
5987805381572
5987805381633
5987805381693
5987805381755
5987805381830
5987805381890
5987805381950
5987805382012
5987805382074
5987805382133
5987805382196
5987805382257
5987805382317
5987805382379
5987805382440
5987805382500
5987805382563
5987805382623
5987805382683
5987805382744
5987805382804
5987805382864
5987805382927
5987805383009
5987805383069
5987805383149
5987805383216
5987805383276
5987805383338
5987805383398
5987805383459
5987805383520
5987805383700
5987805383906
5987805383965
5987805384026
5987805384088
5987805384148
5987805384209
5987805384272
5987805384333
5987805384394
5987805384456
5987805384517
5987805384577
5987805384638
5987805384699
5987805385047
5987805385106
5987805385173
5987805385235
5987805385296
5987805385356
5987805385417
5987805385477
5987805385537
5987805385598
5987805385659
5987805386634
5987805387447
5987805387507
5987805387569
5987805387629
5987805387690
5987805387751
5987805387812
5987805387872
5987805387933
5987805387993
5987805388054
5987805388115
5987805388176
5987805388236
5987805388301
5987805388362
5987805388468
5987805388528
5987805388590
5987805388651
5987805388712
5987805388773
5987805388834
5987805388892
5987805388982
5987805389042
5987805389109
5987805389170
5987805389234
5987805389314
5987805389371
5987805389432
5987805389493
5987805389556
5987805389622
5987805389682
5987805389743
5987805389804
5987805389872
5987805389931
5987805389989
5987805390051
5987805390112
5987805390172
5987805390295
5987805390421
5987805390482
5987805390625
5987805390686
5987805390750
5987805390796
5987805390867
5987805390929
5987805391003
5987805391070
5987805391125
5987805391187
5987805391248
5987805391310
5987805391371
5987805391462
5987805391558
5987805391622
5987805391675
5987805391737
5987805391797
5987805391859
5987805391982
5987805392044
5987805392107
5987805392168
5987805392219
5987805392328
5987805392390
5987805392450
5987805392512
5987805392694
5987805392755
5987805392817
5987805392878
5987805392941
5987805393000
5987805393062
5987805393123
5987805393185
5987805393250
5987805393435
5987805393620
5987805393681
5987805393742
5987805393804
5987805393865
5987805393927
5987805393988
5987805394052
5987805394129
5987805394172
5987805394235
5987805394295
5987805394373
5987805394419
5987805394485
5987805394542
5987805394848
5987805394910
5987805394970
5987805395029
5987805395152
5987805395216
5987805395277
5987805395339
5987805395399
5987805395460
5987805395523
5987805395580
5987805395641
5987805395702
5987805395765
5987805395830
5987805395890
5987805395951
5987805396013
5987805396073
5987805396134
5987805396195
5987805396254
5987805396314
5987805396375
5987805396435
5987805396495
5987805396558
5987805396618
5987805396678
5987805396739
5987805396800
5987805396859
5987805396922
5987805396981
5987805397043
5987805397105
5987805397165
5987805397225
5987805397286
5987805397347
5987805397408
5987805397469
5987805397530
5987805397590
5987805397652
5987805397712
5987805397762
5987805397863
5987805397924
5987805397986
5987805398046
5987805398108
5987805398167
5987805398227
5987805398290
5987805398413
5987805398491
5987805398534
5987805398595
5987805398657
5987805398721
5987805398782
5987805398849
5987805398908
5987805398973
5987805399030
5987805399094
5987805399323
5987805399570
5987805399699
5987805399757
5987805399817
5987805399878
5987805399939
5987805400000
5987805400061
5987805400182
5987805400244
5987805400306
5987805400366
5987805400427
5987805400489
5987805400551
5987805400613
5987805400738
5987805400802
5987805400918
5987805400982
5987805401039
5987805401099
5987805401163
5987805401290
5987805401345
5987805401412
5987805401466
5987805401530
5987805401596
5987805401651
5987805401714
5987805401775
5987805401837
5987805401897
5987805401959
5987805402021
5987805402081
5987805402711
5987805403248
5987805403310
5987805403561
5987805403623
5987805403685
5987805425260
5987805463342
5987805463395
5987805463455
5987805463514
5987805463574
5987805463635
5987805463704
5987805463764
5987805463825
5987805463887
5987805463947
5987805464009
5987805464069
5987805464129
5987805464190
5987805464371
5987805465544
