5987805379204
5987805379273
5987805379333
5987805379395
5987805379456
5987805379501
5987805379577
5987805379637
5987805379697
5987805379759
5987805379821
5987805379883
5987805379943
5987805380005
5987805380065
5987805380115
5987805380192
5987805380252
5987805380312
5987805380373
5987805380435
5987805380493
5987805380553
5987805380614
5987805380676
5987805380726
5987805380796
5987805380856
5987805380917
5987805380978
5987805381040
5987805381099
5987805381160
5987805381648
5987805381672
5987805381753
5987805381813
5987805381874
5987805381935
5987805381995
5987805382057
5987805382118
5987805382179
5987805382241
5987805382350
5987805383086
5987805383145
5987805383204
5987805383308
5987805383371
5987805383432
5987805383494
5987805383555
5987805383616
5987805383678
5987805383739
5987805383800
5987805383867
5987805383928
5987805383989
5987805384050
5987805384110
5987805384171
5987805384233
5987805384293
5987805384354
5987805384416
5987805384476
5987805384537
5987805384597
5987805384659
5987805384720
5987805384780
5987805384841
5987805384901
5987805384962
5987805385023
5987805385083
5987805385144
5987805385206
5987805385267
5987805385327
5987805385389
5987805385450
5987805385511
5987805385572
5987805385634
5987805386640
5987805386721
5987805386783
5987805386844
5987805386904
5987805386964
5987805387026
5987805387086
5987805387148
5987805387207
5987805387269
5987805387336
5987805387397
5987805387464
5987805387513
5987805387580
5987805387642
5987805387702
5987805387764
5987805387826
5987805387886
5987805387947
5987805388009
5987805388070
5987805388130
5987805388191
5987805388327
5987805388696
5987805388808
5987805388870
5987805388932
5987805388992
5987805389052
5987805389113
5987805389173
5987805389268
5987805389374
5987805389627
5987805389688
5987805389749
5987805389809
5987805389869
5987805389930
5987805389996
5987805390098
5987805390159
5987805390219
5987805390278
5987805390347
5987805391428
5987805392059
5987805392120
5987805392179
5987805392240
5987805392301
5987805392356
5987805392421
5987805392481
5987805392543
5987805392661
5987805392721
5987805392782
5987805392843
5987805392904
5987805392958
5987805393024
5987805393085
5987805393146
5987805393207
5987805393269
5987805393322
5987805393401
5987805393461
5987805393522
5987805393582
5987805393642
5987805393703
5987805393764
5987805393825
5987805393888
5987805393948
5987805394009
5987805394070
5987805394130
5987805395211
5987805396295
5987805396795
5987805396857
5987805396917
5987805396978
5987805397038
5987805397099
5987805397160
5987805397221
5987805397281
5987805397344
5987805397405
5987805397465
5987805397526
5987805397586
5987805397776
5987805397829
5987805397915
5987805397977
5987805398037
5987805398099
5987805398162
5987805398222
5987805398281
5987805398342
5987805398402
5987805398463
5987805398526
5987805398586
5987805398646
5987805398707
5987805398767
5987805398827
5987805398888
5987805398949
5987805399165
5987805399305
5987805399371
5987805399432
5987805399493
5987805399554
5987805399615
5987805399676
5987805399736
5987805399797
5987805399879
5987805400108
5987805400175
5987805400235
5987805400290
5987805400356
5987805400417
5987805400478
5987805400538
5987805400600
5987805400662
5987805400723
5987805401229
5987805401302
5987805401364
5987805401425
5987805401492
5987805401552
5987805401620
5987805401681
5987805401744
5987805401805
5987805401865
5987805401926
5987805401987
5987805402116
5987805402193
5987805402254
5987805402315
5987805402375
5987805402435
5987805402496
5987805402556
5987805402616
5987805402685
5987805403775
5987805404198
5987805404597
5987805404666
5987805404712
5987805404778
5987805404839
5987805404900
5987805404947
5987805405020
5987805405080
5987805405142
5987805405202
5987805405262
5987805405323
5987805405496
5987805405520
5987805405583
5987805405643
5987805405705
5987805405766
5987805405826
5987805405887
5987805405947
5987805406007
5987805406069
5987805406136
5987805406197
5987805406258
5987805406397
5987805406905
5987805407240
5987805407307
5987805407407
5987805407468
5987805407529
5987805407592
5987805407652
5987805407713
5987805407774
5987805407964
5987805408206
5987805408266
5987805408328
5987805408388
5987805408449
5987805408510
5987805408570
5987805408630
5987805408691
5987805408752
5987805408812
5987805408904
5987805409100
5987805409161
5987805409222
5987805409282
5987805409342
5987805409403
5987805409463
5987805409522
5987805409584
5987805409645
5987805409706
5987805409768
5987805409828
5987805409887
5987805409948
5987805410009
5987805410069
5987805410132
5987805410193
5987805410253
5987805410314
5987805410375
5987805410435
5987805410497
5987805410600
5987805410661
5987805410721
5987805410783
5987805410845
5987805410909
5987805410974
5987805411035
5987805411096
5987805411158
5987805411219
5987805411280
5987805411341
5987805411403
5987805411467
5987805411535
5987805411595
5987805411656
5987805411716
5987805411777
5987805411837
5987805411900
5987805411958
5987805412018
5987805412079
5987805412140
5987805412200
5987805412260
5987805412320
5987805412380
5987805412446
5987805412509
5987805412569
5987805412629
5987805412689
5987805412750
5987805412811
5987805412858
5987805412939
5987805413000
5987805413060
5987805413120
5987805413181
5987805413241
5987805413301
5987805413363
5987805413423
5987805413484
5987805413544
5987805413603
5987805413666
5987805413725
5987805413785
5987805413847
5987805413907
5987805413986
5987805414087
5987805414146
5987805414209
5987805414269
5987805414336
5987805414396
5987805414456
5987805414579
5987805414644
5987805414740
5987805414801
5987805414861
5987805414928
5987805414988
5987805415051
5987805415111
5987805415172
5987805415235
5987805415295
5987805415357
5987805415415
5987805415477
5987805415539
5987805415600
5987805415661
5987805415722
5987805415783
5987805415844
5987805415905
5987805415970
5987805416031
5987805416092
5987805416153
5987805416213
5987805416274
5987805416334
5987805416396
5987805416457
5987805416536
5987805416766
5987805417039
5987805417099
5987805417160
5987805417223
5987805417283
5987805417344
5987805417405
5987805417466
5987805417527
5987805417590
5987805417648
5987805417709
5987805417770
5987805417830
5987805417890
5987805417951
5987805418013
5987805418074
5987805418139
5987805418202
5987805418262
5987805418324
5987805418382
5987805418465
5987805418539
5987805418650
5987805418707
5987805418771
5987805418830
5987805418896
5987805418958
5987805419019
5987805419079
5987805419140
5987805419206
5987805419266
5987805419328
5987805419388
5987805419449
5987805419511
5987805419586
5987805419960
5987805420020
5987805420082
5987805420143
5987805420205
5987805420265
5987805420327
5987805420387
5987805420449
5987805420510
5987805420570
5987805420991
5987805421050
5987805421109
5987805421172
5987805421236
5987805421298
5987805421343
5987805421443
5987805421511
5987805421573
5987805421635
5987805421695
5987805421756
5987805421817
5987805421877
5987805421938
5987805421999
5987805422059
5987805422121
5987805422182
5987805422287
5987805422348
5987805422409
5987805422469
5987805422529
5987805422631
5987805422690
5987805422752
5987805422811
5987805422871
5987805422932
5987805422994
5987805423056
5987805423114
5987805423173
5987805423235
5987805423317
5987805423388
5987805423450
5987805423510
5987805423575
5987805423636
5987805423697
5987805423756
5987805423816
5987805423877
5987805423937
5987805423997
5987805424059
5987805424119
5987805424181
5987805424241
5987805424302
5987805424363
5987805424424
5987805424485
5987805424546
5987805424608
5987805424676
5987805424737
5987805424799
5987805424860
5987805424921
5987805424983
5987805425042
5987805425103
5987805425163
5987805425225
5987805425286
5987805425348
5987805425464
5987805425580
5987805425642
5987805425702
5987805425762
5987805425816
5987805425892
5987805425954
5987805426015
5987805426076
5987805426137
5987805426199
5987805426266
5987805426364
5987805426425
5987805426487
5987805426547
5987805426607
5987805426669
5987805426730
5987805426791
5987805426853
5987805426928
5987805427012
5987805427072
5987805427134
5987805427195
5987805427257
5987805427315
5987805427377
5987805427437
5987805427498
5987805427559
5987805427620
5987805427680
5987805427742
5987805427802
5987805427863
5987805427927
5987805427988
5987805428048
5987805428110
5987805428295
5987805429244
5987805429305
5987805429367
5987805429427
5987805429487
5987805429550
5987805429608
5987805429669
5987805429731
5987805429847
5987805429974
5987805430055
5987805430117
5987805430177
5987805430238
5987805430299
5987805430364
5987805430424
5987805430486
5987805430604
5987805431214
5987805431277
5987805431339
5987805431400
5987805431460
5987805431521
5987805431582
5987805431642
5987805431703
5987805431897
5987805432079
5987805432140
5987805432202
5987805432262
5987805432323
5987805432385
5987805432445
5987805432506
5987805432567
5987805432719
5987805432875
5987805432935
5987805432997
5987805433058
5987805433119
5987805433186
5987805433247
5987805433308
5987805433370
5987805433561
5987805433663
5987805433723
5987805433791
5987805433851
5987805433911
5987805433973
5987805434033
5987805434093
5987805434153
5987805434213
5987805434275
5987805434336
5987805434402
5987805434463
5987805434524
5987805434715
5987805434775
5987805434837
5987805434897
5987805434958
5987805435019
5987805435080
5987805435141
5987805435203
5987805435264
5987805435324
5987805435386
5987805435447
5987805435508
5987805435570
5987805435630
5987805435691
5987805435753
5987805435862
5987805436132
5987805436195
5987805436253
5987805436315
5987805436383
5987805436444
5987805436503
5987805436565
5987805436626
5987805436687
5987805436748
5987805436809
5987805436869
5987805436931
5987805436991
5987805437235
5987805437500
5987805437562
5987805437623
5987805437685
5987805437745
5987805437807
5987805437867
5987805437928
5987805437989
5987805438061
5987805438122
5987805438183
5987805438245
5987805438305
5987805438366
5987805438427
5987805438488
5987805438548
5987805438609
5987805438674
5987805438813
5987805438824
5987805438882
5987805438944
5987805439005
5987805439069
5987805439126
5987805439188
5987805439250
5987805439309
5987805439373
5987805439431
5987805439493
5987805439552
5987805439614
5987805439673
5987805439735
5987805439793
5987805439855
5987805439921
5987805439986
5987805440045
5987805440106
5987805440168
5987805440246
5987805440316
5987805440375
5987805440439
5987805440497
5987805440559
5987805440619
5987805440679
5987805440739
5987805440803
5987805440860
5987805440925
5987805440984
5987805441043
5987805441104
5987805441170
5987805441228
5987805441288
5987805441350
5987805441412
5987805441471
5987805441534
5987805441592
5987805441654
5987805441713
5987805441775
5987805441833
5987805441900
5987805441954
5987805442018
5987805442077
5987805442139
5987805442199
5987805442261
5987805442320
5987805442381
5987805442444
5987805442502
5987805442565
5987805442624
5987805442689
5987805442747
5987805442809
5987805442868
5987805442931
5987805443090
5987805443153
5987805443213
5987805443276
5987805443338
5987805443417
5987805443477
5987805443540
5987805443604
5987805443662
5987805443723
5987805443786
5987805443844
5987805443907
5987805443966
5987805444029
5987805444087
5987805444150
5987805444208
5987805444270
5987805444328
5987805444392
5987805444451
5987805444513
5987805444573
5987805444636
5987805444695
5987805444758
5987805444816
5987805444880
5987805444938
5987805445000
5987805445061
5987805445123
5987805445180
5987805445240
5987805445302
5987805445362
5987805445424
5987805445485
5987805445546
5987805445606
5987805445671
5987805445739
5987805445800
5987805445861
5987805447001
5987805448081
5987805449238
5987805450439
5987805451561
5987805452641
5987805453815
5987805454826
5987805455975
5987805457162
5987805458242
5987805459378
5987805460531
5987805461702
5987805462783
5987805463713
5987805464800
