5987805379874
5987805380956
5987805382036
5987805383238
5987805384319
5987805384536
5987805385282
5987805385326
5987805386408
5987805387602
5987805389532
5987805390018
5987805390781
5987805390837
5987805390897
5987805390958
5987805391018
5987805392611
5987805392668
5987805392734
5987805392794
5987805392855
5987805392916
5987805392976
5987805393055
5987805393116
5987805393178
5987805393238
5987805393299
5987805393371
5987805393422
5987805393484
5987805393546
5987805393662
5987805394749
5987805394778
5987805394836
5987805395656
5987805396119
5987805396167
5987805396228
5987805396290
5987805396354
5987805396415
5987805396474
5987805396534
5987805396600
5987805396660
5987805396725
5987805396786
5987805396847
5987805396907
5987805396969
5987805397029
5987805397089
5987805397155
5987805397343
5987805397406
5987805397472
5987805397533
5987805397594
5987805397654
5987805397716
5987805397778
5987805397838
5987805397899
5987805397960
5987805399104
5987805399517
5987805399575
5987805399636
5987805399825
5987805399945
5987805400005
5987805400066
5987805400126
5987805400187
5987805400248
5987805400309
5987805400381
5987805400443
5987805400511
5987805400604
5987805400666
5987805400725
5987805400787
5987805400848
5987805401029
5987805401093
5987805401151
5987805401517
5987805401578
5987805401638
5987805401699
5987805401759
5987805401881
5987805402003
5987805402064
5987805402119
5987805402181
5987805402261
5987805402328
5987805402449
5987805402510
5987805402577
5987805402636
5987805402698
5987805402759
5987805402820
5987805402945
5987805403005
5987805403065
5987805403126
5987805403190
5987805403254
5987805403315
5987805403376
5987805403438
5987805403499
5987805403563
5987805403625
5987805403687
5987805403749
5987805403810
5987805403872
5987805403939
5987805404053
5987805404114
5987805404175
5987805404236
5987805404296
5987805404358
5987805404419
5987805404486
5987805404543
5987805404605
5987805404667
5987805404728
5987805404788
5987805404890
5987805404970
5987805405030
5987805405092
5987805405152
5987805405213
5987805405275
5987805405336
5987805405397
5987805405457
5987805405517
5987805405578
5987805405638
5987805405699
5987805405760
5987805405821
5987805405881
5987805405943
5987805406003
5987805406065
5987805406127
5987805406188
5987805406248
5987805406309
5987805406372
5987805406435
5987805406495
5987805406556
5987805406617
5987805407490
5987805407536
5987805407581
5987805408033
5987805408095
5987805408165
5987805408220
5987805408282
5987805408343
5987805408405
5987805408466
5987805408527
5987805408588
5987805408649
5987805408710
5987805408772
5987805408834
5987805409019
5987805409081
5987805409142
5987805409204
5987805409265
5987805409448
5987805409511
5987805409573
5987805409635
5987805409697
5987805409759
5987805409822
5987805409946
5987805410046
5987805410111
5987805410232
5987805410293
5987805410354
5987805410416
5987805410539
5987805410600
5987805410662
5987805410724
5987805410971
5987805411033
5987805411095
5987805411219
5987805411280
5987805411342
5987805411403
5987805411527
5987805411589
5987805411649
5987805411715
5987805411777
5987805411838
5987805411900
5987805411961
5987805412023
5987805412146
5987805412270
5987805412336
5987805412397
5987805412458
5987805412520
5987805412582
5987805412677
5987805412739
5987805412864
5987805412923
5987805412985
5987805413046
5987805413108
5987805413169
5987805413230
5987805413292
5987805413353
5987805413414
5987805413475
5987805413717
5987805413885
5987805414031
5987805414096
5987805414178
5987805414242
5987805414290
5987805414339
5987805414385
5987805414457
5987805414521
5987805414582
5987805414641
5987805414702
5987805414766
5987805414828
5987805414889
5987805414950
5987805415011
5987805415075
5987805415136
5987805415196
5987805415257
5987805415318
5987805415396
5987805415828
5987805415887
5987805415954
5987805416017
5987805416095
5987805416160
5987805416226
5987805416286
5987805416348
5987805416408
5987805416467
5987805416529
5987805416589
5987805416649
5987805416713
5987805416832
5987805416893
5987805416974
5987805417316
5987805417613
5987805417676
5987805417736
5987805417797
5987805417858
5987805417922
5987805417983
5987805418043
5987805418103
5987805418164
5987805418277
5987805419357
5987805420082
5987805420379
5987805420503
5987805420563
5987805420625
5987805420686
5987805420746
5987805420808
5987805420869
5987805420929
5987805420990
5987805421063
5987805423238
5987805424342
5987805425541
5987805426685
5987805427856
5987805429004
5987805430085
5987805431054
5987805431109
5987805431189
5987805431249
5987805431305
5987805431369
5987805431429
5987805431489
5987805431549
5987805431611
5987805431671
5987805431731
5987805431792
5987805431853
5987805431918
5987805431980
5987805432135
5987805432196
5987805432257
5987805432318
5987805432378
5987805432438
5987805432500
5987805432560
5987805432620
5987805432682
5987805432743
5987805432803
5987805432864
5987805432925
5987805434092
5987805435173
5987805436254
5987805437280
5987805437338
5987805437398
5987805437458
5987805437520
5987805437580
5987805437640
5987805437701
5987805437761
5987805437821
5987805437882
5987805438013
5987805439093
5987805440300
5987805441486
5987805442582
5987805443662
5987805444803
5987805444889
5987805445959
5987805447142
5987805448322
5987805449402
5987805450482
5987805451617
5987805452698
5987805453822
5987805454903
5987805455307
5987805456387
5987805457502
5987805458668
5987805459749
5987805460829
5987805461909
5987805463088
5987805464168
5987805465250
