5987805379879
5987805381088
5987805382291
5987805383373
5987805384515
5987805385656
5987805386358
5987805386416
5987805386475
5987805387081
5987805387347
5987805387471
5987805387532
5987805387593
5987805387654
5987805387715
5987805387775
5987805387838
5987805387899
5987805387954
5987805388027
5987805388096
5987805388189
5987805388251
5987805388311
5987805390666
5987805390754
5987805390815
5987805390875
5987805390924
5987805391026
5987805391086
5987805391146
5987805391206
5987805391267
5987805391328
5987805391451
5987805391519
5987805391580
5987805391673
5987805391732
5987805391803
5987805391863
5987805391937
5987805391997
5987805392058
5987805394266
5987805394341
5987805394447
5987805394505
5987805394579
5987805394639
5987805394701
5987805394762
5987805394826
5987805395222
5987805395328
5987805395389
5987805395455
5987805395515
5987805395577
5987805395636
5987805395698
5987805395758
5987805396303
5987805396321
5987805396412
5987805396469
5987805396550
5987805396650
5987805396710
5987805396772
5987805396849
5987805396909
5987805396971
5987805398766
5987805399913
5987805401337
5987805401390
5987805401452
5987805401513
5987805401574
5987805401634
5987805401712
5987805401778
5987805401838
5987805401961
5987805402022
5987805402083
5987805402144
5987805402204
5987805402266
5987805402326
5987805402386
5987805402442
5987805402504
5987805402566
5987805402630
5987805402713
5987805402774
5987805402835
5987805402898
5987805402958
5987805403019
5987805403079
5987805403141
5987805403225
5987805403863
5987805403938
5987805404034
5987805404155
5987805404215
5987805404276
5987805404397
5987805404457
5987805404522
5987805404583
5987805404641
5987805404703
5987805404763
5987805404824
5987805405232
5987805405319
5987805406401
5987805406758
5987805406817
5987805406908
5987805407480
5987805407528
5987805407592
5987805407891
5987805408603
5987805408689
5987805408861
5987805408934
5987805408997
5987805409058
5987805409118
5987805411009
5987805411067
5987805411128
5987805411181
5987805411242
5987805411320
5987805411378
5987805411440
5987805411501
5987805411560
5987805411684
5987805411745
5987805411805
5987805411866
5987805411927
5987805411988
5987805412049
5987805412109
5987805412170
5987805412230
5987805412292
5987805412352
5987805412413
5987805412475
5987805412536
5987805412601
5987805412663
5987805412724
5987805412784
5987805412846
5987805412907
5987805412968
5987805413029
5987805413108
5987805413174
5987805413234
5987805413296
5987805413356
5987805413416
5987805413495
5987805413540
5987805413596
5987805413675
5987805413739
5987805413800
5987805413861
5987805413921
5987805413987
5987805414046
5987805414110
5987805414167
5987805414228
5987805414288
5987805414350
5987805414409
5987805414470
5987805414533
5987805414646
5987805415790
5987805416272
5987805416328
5987805416390
5987805416451
5987805416512
5987805416572
5987805416634
5987805416695
5987805416755
5987805416819
5987805416879
5987805416937
5987805416998
5987805417058
5987805417119
5987805417179
5987805417239
5987805417301
5987805417361
5987805417422
5987805417483
5987805417544
5987805417607
5987805417665
5987805417725
5987805417948
5987805418028
5987805418087
5987805418150
5987805418210
5987805418271
5987805418332
5987805418393
5987805418453
5987805418514
5987805418576
5987805418634
5987805418694
5987805418757
5987805418818
5987805418878
5987805418936
5987805418997
5987805419057
5987805419117
5987805419179
5987805419240
5987805419300
5987805419361
5987805419422
5987805419482
5987805419544
5987805419605
5987805419665
5987805419729
5987805419789
5987805419847
5987805419909
5987805420150
5987805420363
5987805420423
5987805420488
5987805420544
5987805420607
5987805420698
5987805420758
5987805420819
5987805420880
5987805421003
5987805421065
5987805421243
5987805422452
5987805423655
5987805424737
5987805425142
5987805425243
5987805425322
5987805425381
5987805425444
5987805425506
5987805425565
5987805425626
5987805425687
5987805425747
5987805425808
5987805425869
5987805425928
5987805425989
5987805426052
5987805426112
5987805426176
5987805426238
5987805426298
5987805426359
5987805426420
5987805426481
5987805426543
5987805426604
5987805426752
5987805426879
5987805426940
5987805427001
5987805427062
5987805427122
5987805427183
5987805427243
5987805427304
5987805427427
5987805427487
5987805427549
5987805427728
5987805428184
5987805428244
5987805428302
5987805428362
5987805428422
5987805428484
5987805428565
5987805428624
5987805428685
5987805428809
5987805428870
5987805428932
5987805428992
5987805429114
5987805429174
5987805429233
5987805429295
5987805429357
5987805429417
5987805429479
5987805429540
5987805429600
5987805429661
5987805429722
5987805429782
5987805429843
5987805429903
5987805429963
5987805430024
5987805430632
5987805432427
5987805432501
5987805432576
5987805432636
5987805432697
5987805432757
5987805432817
5987805432879
5987805432939
5987805433037
5987805433097
5987805433159
5987805433219
5987805433280
5987805433342
5987805433507
5987805434589
5987805435795
5987805436947
5987805438028
5987805439109
5987805440190
5987805441272
5987805442352
5987805443432
5987805444514
5987805445634
5987805446714
5987805447795
5987805448906
5987805449987
5987805451067
5987805452148
5987805453228
5987805454309
5987805455389
5987805457737
5987805457826
5987805457886
5987805457947
5987805458008
5987805458068
5987805458129
5987805458272
5987805459415
5987805460496
5987805461701
5987805462904
5987805463985
5987805465136
