5987805379236
5987805380377
5987805381458
5987805382540
5987805383618
5987805384824
5987805386029
5987805387115
5987805388057
5987805388109
5987805388196
5987805388254
5987805388317
5987805388377
5987805388441
5987805388506
5987805388603
5987805388666
5987805388726
5987805388787
5987805388847
5987805389092
5987805389255
5987805389315
5987805389378
5987805389440
5987805389502
5987805389563
5987805389624
5987805389685
5987805389746
5987805389889
5987805390119
5987805390178
5987805390238
5987805390301
5987805390361
5987805390420
5987805390481
5987805390541
5987805390602
5987805390687
5987805390768
5987805390829
5987805390890
5987805390989
5987805391051
5987805391179
5987805391241
5987805391301
5987805391361
5987805391422
5987805391488
5987805391550
5987805391610
5987805391671
5987805391764
5987805391824
5987805391884
5987805391947
5987805392003
5987805392067
5987805392128
5987805392188
5987805392255
5987805392368
5987805392427
5987805392488
5987805392549
5987805392609
5987805392676
5987805392762
5987805392823
5987805392884
5987805392945
5987805393005
5987805393067
5987805393158
5987805394238
5987805394299
5987805394359
5987805394421
5987805394478
5987805394575
5987805394621
5987805394681
5987805394740
5987805394801
5987805394861
5987805394992
5987805395044
5987805395104
5987805395173
5987805395234
5987805395295
5987805395355
5987805395416
5987805395478
5987805395539
5987805395600
5987805395675
5987805395737
5987805395794
5987805395857
5987805395918
5987805395979
5987805396040
5987805396101
5987805396161
5987805396222
5987805396283
5987805396343
5987805396405
5987805396465
5987805396526
5987805396587
5987805396648
5987805396708
5987805396769
5987805396829
5987805396890
5987805396951
5987805397012
5987805397073
5987805397134
5987805397195
5987805397256
5987805397317
5987805397378
5987805397438
5987805397500
5987805397560
5987805397622
5987805397682
5987805397743
5987805397805
5987805397866
5987805397928
5987805397989
5987805398051
5987805398113
5987805398174
5987805398234
5987805398296
5987805398358
5987805398419
5987805398481
5987805398543
5987805398584
5987805398645
5987805398706
5987805398768
5987805398829
5987805398889
5987805398949
5987805399013
5987805399073
5987805399134
5987805399195
5987805399256
5987805399318
5987805399379
5987805399439
5987805399500
5987805399560
5987805399620
5987805399682
5987805399743
5987805399803
5987805399865
5987805399925
5987805399985
5987805400047
5987805400106
5987805400166
5987805400228
5987805400327
5987805400411
5987805400473
5987805400526
5987805400588
5987805400649
5987805400710
5987805400772
5987805400833
5987805400893
5987805400955
5987805401016
5987805401076
5987805401141
5987805401205
5987805401265
5987805401326
5987805401386
5987805401446
5987805401506
5987805401566
5987805401627
5987805401690
5987805401751
5987805401812
5987805401873
5987805401933
5987805401994
5987805402055
5987805402115
5987805403196
5987805404277
5987805405357
5987805406480
5987805407560
5987805408736
5987805409817
5987805410905
5987805412010
5987805412920
5987805412972
5987805413052
5987805413113
5987805413174
5987805413235
5987805413297
5987805413358
5987805413419
5987805413486
5987805413549
5987805413610
5987805413671
5987805413733
5987805414813
5987805415893
5987805417091
5987805417304
5987805417371
5987805417434
5987805417494
5987805417555
5987805417617
5987805417677
5987805417737
5987805417799
5987805417861
5987805417923
5987805417980
5987805418092
5987805418337
5987805418406
5987805418466
5987805418527
5987805418588
5987805418634
5987805418708
5987805418768
5987805418821
5987805418874
5987805418938
5987805419000
5987805419060
5987805419118
5987805419179
5987805419240
5987805419301
5987805419361
5987805419422
5987805419485
5987805419549
5987805419610
5987805419669
5987805419729
5987805419791
5987805419852
5987805419913
5987805419979
5987805420038
5987805420101
5987805420161
5987805420243
5987805420304
5987805420367
5987805420425
5987805420487
5987805420549
5987805420609
5987805420670
5987805420732
5987805420792
5987805420859
5987805420920
5987805420981
5987805421041
5987805421103
5987805421276
5987805422433
5987805423578
5987805424721
5987805425864
5987805426107
5987805426166
5987805426227
5987805426288
5987805426346
5987805426408
5987805426470
5987805426530
5987805426590
5987805426652
5987805426831
5987805427380
5987805427439
5987805427499
5987805427559
5987805427620
5987805427680
5987805427740
5987805427802
5987805427862
5987805427923
5987805427984
5987805428044
5987805428912
5987805428979
5987805429040
5987805429101
5987805429161
5987805429223
5987805429284
5987805429344
5987805429406
5987805429465
5987805430630
5987805431514
5987805431574
5987805431641
5987805431702
5987805431762
5987805431822
5987805431884
5987805431944
5987805432005
5987805432066
5987805432126
5987805433206
5987805434287
5987805435367
5987805436447
5987805437644
5987805437920
5987805437972
5987805438030
5987805438090
5987805438151
5987805438211
5987805438271
5987805438332
5987805438392
5987805438452
5987805438514
5987805438574
5987805438634
5987805438695
5987805438846
5987805440059
5987805441191
5987805442390
5987805443470
5987805444550
5987805445630
5987805446833
5987805447913
5987805448994
5987805450193
5987805451274
5987805452380
5987805453460
5987805454541
5987805455622
5987805456006
5987805457087
5987805458168
5987805459304
5987805460386
5987805461467
5987805462005
5987805462070
5987805462132
5987805462193
5987805462253
5987805462303
5987805462373
5987805462434
5987805462496
5987805462557
5987805462618
5987805462679
5987805462740
5987805463226
5987805463250
5987805463329
5987805463391
5987805463453
5987805463516
5987805463577
5987805463637
5987805463698
5987805463759
5987805463818
5987805463880
5987805463947
5987805464087
5987805464412
5987805464479
5987805464540
5987805464602
5987805464663
5987805464709
5987805464786
5987805464847
5987805464908
5987805464969
5987805465030
5987805465090
5987805465150
5987805465212
5987805465272
5987805465333
5987805465394
5987805465452
5987805465515
5987805465577
