5987805380263
5987805380393
5987805380451
5987805380513
5987805380573
5987805380635
5987805380698
5987805380759
5987805380820
5987805380881
5987805380944
5987805381004
5987805381067
5987805381127
5987805381187
5987805381248
5987805381307
5987805381369
5987805381431
5987805381491
5987805381609
5987805381670
5987805381730
5987805381792
5987805381852
5987805381913
5987805381974
5987805382035
5987805382096
5987805382157
5987805382217
5987805382408
5987805382453
5987805382499
5987805383128
5987805383736
5987805384341
5987805384948
5987805385557
5987805389226
5987805391067
5987805392906
5987805394097
5987805394298
5987805394453
5987805395339
5987805395948
5987805403329
5987805405781
5987805407009
5987805407624
5987805408234
5987805414997
5987805416836
5987805417443
5987805418052
5987805418658
5987805419680
5987805419739
5987805419819
5987805419880
5987805419940
5987805420001
5987805420061
5987805420121
5987805420181
5987805420369
5987805420491
5987805420569
5987805420627
5987805420695
5987805420759
5987805420822
5987805420886
5987805420944
5987805421004
5987805421066
5987805421127
5987805421187
5987805421247
5987805421309
5987805421369
5987805421429
5987805421490
5987805421550
5987805421610
5987805421671
5987805421731
5987805421927
5987805421987
5987805422047
5987805422108
5987805422165
5987805422228
5987805422291
5987805422351
5987805422413
5987805422474
5987805422536
5987805422596
5987805422658
5987805422784
5987805422907
5987805423692
5987805423995
5987805424177
5987805425191
5987805425489
5987805425550
5987805425852
5987805425912
5987805426435
5987805427551
5987805428163
5987805428483
5987805428538
5987805428622
5987805428682
5987805428744
5987805428803
5987805428901
5987805428961
5987805429021
5987805429325
5987805429385
5987805429449
5987805429510
5987805433792
5987805433852
5987805434068
5987805434132
5987805434189
5987805434252
5987805434312
5987805434374
5987805434435
5987805434495
5987805434557
5987805434618
5987805434678
5987805434741
5987805434801
5987805434862
5987805434922
5987805434982
5987805435045
5987805435106
5987805435166
5987805435226
5987805435287
5987805435347
5987805435409
5987805435468
5987805435532
5987805435592
5987805435652
5987805435713
5987805435773
5987805435833
5987805435893
5987805435943
5987805435988
5987805436049
5987805436110
5987805436170
5987805436230
5987805436316
5987805436417
5987805436477
5987805436537
5987805436598
5987805436658
5987805436718
5987805436784
5987805436844
5987805436904
5987805436968
5987805437028
5987805437089
5987805437150
5987805437208
5987805437268
5987805437335
5987805437395
5987805437455
5987805437504
5987805437581
5987805437641
5987805437702
5987805437762
5987805437822
5987805437883
5987805437957
5987805438684
5987805439135
5987805440223
5987805441303
5987805442450
5987805443650
5987805444730
5987805445814
5987805446894
5987805447977
5987805449059
5987805450153
5987805451267
5987805452453
5987805453567
5987805454648
5987805455731
5987805456714
5987805456929
5987805458025
5987805459202
5987805460345
5987805461426
5987805462580
5987805463661
5987805464743
5987805464977
5987805465036
5987805465097
5987805465158
5987805465224
5987805465284
5987805465346
5987805465490
