5987805379422
5987805379679
5987805380760
5987805381840
5987805382976
5987805384107
5987805385249
5987805386404
5987805386474
5987805386535
5987805386597
5987805386658
5987805386719
5987805386780
5987805386841
5987805386901
5987805386963
5987805387024
5987805387083
5987805387143
5987805387205
5987805387265
5987805387322
5987805387385
5987805387446
5987805387507
5987805387567
5987805387629
5987805387689
5987805387808
5987805388235
5987805388559
5987805388841
5987805388905
5987805388966
5987805389027
5987805389088
5987805389138
5987805389210
5987805389270
5987805389330
5987805389392
5987805389454
5987805389513
5987805389573
5987805389634
5987805389694
5987805389743
5987805389816
5987805389876
5987805389936
5987805390003
5987805390064
5987805390123
5987805390184
5987805390246
5987805390306
5987805390367
5987805390428
5987805390488
5987805390549
5987805390610
5987805390671
5987805390836
5987805390889
5987805390956
5987805391031
5987805391090
5987805391151
5987805391209
5987805391271
5987805391331
5987805391392
5987805391454
5987805391514
5987805391574
5987805391636
5987805391696
5987805391760
5987805391821
5987805391882
5987805392393
5987805392453
5987805392514
5987805392575
5987805392641
5987805392705
5987805392769
5987805392831
5987805392891
5987805392951
5987805393011
5987805393074
5987805393135
5987805393195
5987805393257
5987805393318
5987805393378
5987805393440
5987805393560
5987805394209
5987805394268
5987805394328
5987805394390
5987805394450
5987805394510
5987805394572
5987805394633
5987805394694
5987805394756
5987805394817
5987805394877
5987805394938
5987805394999
5987805395254
5987805395313
5987805395373
5987805395439
5987805395499
5987805395553
5987805395619
5987805395680
5987805395740
5987805395802
5987805395862
5987805395923
5987805395985
5987805396045
5987805396105
5987805396166
5987805396241
5987805396590
5987805396722
5987805396782
5987805396843
5987805396903
5987805396964
5987805397025
5987805397086
5987805397147
5987805397208
5987805397291
5987805397387
5987805397447
5987805397508
5987805397569
5987805397634
5987805397698
5987805397756
5987805397816
5987805397911
5987805397972
5987805398033
5987805398095
5987805398155
5987805398215
5987805398276
5987805398361
5987805398719
5987805398778
5987805398839
5987805398899
5987805398959
5987805399027
5987805399090
5987805399151
5987805399202
5987805399283
5987805399345
5987805399403
5987805399466
5987805399528
5987805399591
5987805399662
5987805399721
5987805399781
5987805399842
5987805399901
5987805399963
5987805400026
5987805400087
5987805400147
5987805400208
5987805400269
5987805400331
5987805400390
5987805400452
5987805400513
5987805400580
5987805400640
5987805400700
5987805400761
5987805400827
5987805400888
5987805400952
5987805401010
5987805401070
5987805401129
5987805401192
5987805401258
5987805401317
5987805401379
5987805401440
5987805401502
5987805401563
5987805401624
5987805401684
5987805401745
5987805401805
5987805401867
5987805401927
5987805401988
5987805402050
5987805402111
5987805402173
5987805402234
5987805402294
5987805402354
5987805402416
5987805402477
5987805402538
5987805402601
5987805402661
5987805402722
5987805402818
5987805402941
5987805403065
5987805403187
5987805403249
5987805403310
5987805403372
5987805403434
5987805403496
5987805403544
5987805403623
5987805403827
5987805403904
5987805404087
5987805404210
5987805404271
5987805404333
5987805404395
5987805404459
5987805404517
5987805404581
5987805404762
5987805404823
5987805404885
5987805404948
5987805405012
5987805405074
5987805405138
5987805405200
5987805405260
5987805405322
5987805405383
5987805405444
5987805405506
5987805405567
5987805405691
5987805405753
5987805405815
5987805405876
5987805405937
5987805405998
5987805406058
5987805406120
5987805406181
5987805406241
5987805406301
5987805406422
5987805406514
5987805406576
5987805406637
5987805406702
5987805406771
5987805406822
5987805406884
5987805406945
5987805407067
5987805407129
5987805407190
5987805407251
5987805407312
5987805407373
5987805407434
5987805407495
5987805407557
5987805407618
5987805407835
5987805407896
5987805407957
5987805409298
5987805409353
5987805409414
5987805409478
5987805409538
5987805409662
5987805409723
5987805409784
5987805409845
5987805410758
5987805410815
5987805410876
5987805410939
5987805411011
5987805411073
5987805411134
5987805411194
5987805411254
5987805411314
5987805411375
5987805411436
5987805411496
5987805411557
5987805411619
5987805411700
5987805412131
5987805412191
5987805412252
5987805412313
5987805412373
5987805412434
5987805412495
5987805412556
5987805412618
5987805412686
5987805412766
5987805412830
5987805412892
5987805412952
5987805413020
5987805413081
5987805413141
5987805413201
5987805413264
5987805413321
5987805413381
5987805413444
5987805413504
5987805413562
5987805413626
5987805413685
5987805413747
5987805413808
5987805413867
5987805413928
5987805413989
5987805414090
5987805414182
5987805414243
5987805414304
5987805414365
5987805414425
5987805414486
5987805414547
5987805414612
5987805414707
5987805414792
5987805414854
5987805414914
5987805414974
5987805415036
5987805415084
5987805415170
5987805415232
5987805415288
5987805415352
5987805415412
5987805415474
5987805415535
5987805415595
5987805415657
5987805415718
5987805415778
5987805415839
5987805415936
5987805416003
5987805416063
5987805416124
5987805416191
5987805416253
5987805416314
5987805416374
5987805416436
5987805416496
5987805416557
5987805416617
5987805416679
5987805416739
5987805416813
5987805416874
5987805416934
5987805416994
5987805417055
5987805417115
5987805417175
5987805417237
5987805417297
5987805417361
5987805417422
5987805417450
5987805417509
5987805417570
5987805417631
5987805417692
5987805417752
5987805417829
5987805417890
5987805417949
5987805418010
5987805418070
5987805418130
5987805418191
5987805418252
5987805418313
5987805418375
5987805418435
5987805418494
5987805418553
5987805418617
5987805418677
5987805418737
5987805418797
5987805418862
5987805418922
5987805418984
5987805419046
5987805419106
5987805419168
5987805419228
5987805419288
5987805419348
5987805419409
5987805419470
5987805419530
5987805419590
5987805419650
5987805419711
5987805419771
5987805419833
5987805419894
5987805419955
5987805420015
5987805420075
5987805420137
5987805420198
5987805420258
5987805420320
5987805420381
5987805420442
5987805420504
5987805420565
5987805420626
5987805420686
5987805420747
5987805420810
5987805420874
5987805420933
5987805420994
5987805421056
5987805421116
5987805421181
5987805421243
5987805421303
5987805421364
5987805421423
5987805421483
5987805421544
5987805421606
5987805421665
5987805421726
5987805421788
5987805421848
5987805421909
5987805421970
5987805422030
5987805422093
5987805422153
5987805422214
5987805422275
5987805422335
5987805422395
5987805422457
5987805422517
5987805422577
5987805422638
5987805422699
5987805422759
5987805422808
5987805422891
5987805422951
5987805423011
5987805423073
5987805423133
5987805423193
5987805423254
5987805423315
5987805423376
5987805423437
5987805423498
5987805423559
5987805423622
5987805423691
5987805423791
5987805423851
5987805423912
5987805423972
5987805424040
5987805424101
5987805424161
5987805424228
5987805424289
5987805424351
5987805424410
5987805424471
5987805424561
5987805425642
5987805426338
5987805426396
5987805426457
5987805426518
5987805426579
5987805426637
5987805426701
5987805426763
5987805426867
5987805426929
5987805426990
5987805427053
5987805427115
5987805427171
5987805427235
5987805427296
5987805427358
5987805427418
5987805427479
5987805427542
5987805427602
5987805428683
5987805429764
5987805430909
5987805431394
5987805431454
5987805431515
5987805431576
5987805431637
5987805431699
5987805431761
5987805431823
5987805431883
5987805431945
5987805432006
5987805433088
5987805433149
5987805433209
5987805433270
5987805433331
5987805433391
5987805433452
5987805433513
5987805433574
5987805433636
5987805433800
5987805434146
5987805434205
5987805434266
5987805434329
5987805434389
5987805434451
5987805434513
5987805434574
5987805434634
5987805434696
5987805434874
5987805435308
5987805435369
5987805435430
5987805435491
5987805435552
5987805435613
5987805435674
5987805435734
5987805435796
5987805435857
5987805435917
5987805435978
5987805436040
5987805437097
5987805437149
5987805437207
5987805437311
5987805437372
5987805437432
5987805437492
5987805437553
5987805437613
5987805437674
5987805437734
5987805437795
5987805437873
5987805439013
5987805440093
5987805441175
5987805442262
5987805443343
5987805444544
5987805445624
5987805446704
5987805446822
5987805447938
5987805449149
5987805450326
5987805451539
5987805452621
5987805453808
5987805454945
5987805455253
5987805456155
5987805457301
5987805458382
5987805459004
5987805459079
5987805459140
5987805459202
5987805459264
5987805459324
5987805459386
5987805459447
5987805459508
5987805459569
5987805459631
5987805459689
5987805459751
5987805459812
5987805460237
5987805460256
5987805460356
5987805460418
5987805460478
5987805460534
5987805460599
5987805460661
5987805460723
5987805460783
5987805460843
5987805460908
5987805460969
5987805461030
5987805461091
5987805461152
5987805461212
5987805461272
5987805461334
5987805461395
5987805461456
5987805461578
5987805461664
5987805461725
5987805461786
5987805461847
5987805461906
5987805461967
5987805462028
5987805462090
5987805462151
5987805462212
5987805462272
5987805462338
5987805462399
5987805462463
5987805462521
5987805462580
5987805462649
5987805462709
5987805462768
5987805462837
5987805462894
5987805462951
5987805463018
5987805463076
5987805463141
5987805463202
5987805463264
5987805463330
5987805463389
5987805463452
5987805463513
5987805463573
5987805463635
5987805463699
5987805463768
5987805463825
5987805463886
5987805463946
5987805464236
5987805464310
5987805464368
5987805464428
5987805464491
5987805464550
5987805464613
5987805464671
5987805464735
5987805464793
5987805464855
5987805464914
5987805464977
