5987805379274
5987805379334
5987805379395
5987805379456
5987805379502
5987805379577
5987805379638
5987805379698
5987805379766
5987805379828
5987805379886
5987805379947
5987805380128
5987805380432
5987805380496
5987805380556
5987805380617
5987805380675
5987805380729
5987805380799
5987805380860
5987805380920
5987805380982
5987805381044
5987805381168
5987805381218
5987805381279
5987805381339
5987805381400
5987805381461
5987805381522
5987805381582
5987805381643
5987805381704
5987805381764
5987805381826
5987805382015
5987805382256
5987805382322
5987805382380
5987805382444
5987805382505
5987805382553
5987805382630
5987805382691
5987805382751
5987805382813
5987805382875
5987805382933
5987805382994
5987805383057
5987805383119
5987805383179
5987805383241
5987805383301
5987805383361
5987805383422
5987805383485
5987805383544
5987805383605
5987805383667
5987805383727
5987805383775
5987805383849
5987805383910
5987805383970
5987805384031
5987805384093
5987805384151
5987805384211
5987805384273
5987805384334
5987805384383
5987805384457
5987805384517
5987805384577
5987805384639
5987805384702
5987805384762
5987805384839
5987805384901
5987805384961
5987805385021
5987805385083
5987805385143
5987805385205
5987805385264
5987805385447
5987805385773
5987805385837
5987805385898
5987805385958
5987805386019
5987805386075
5987805386135
5987805386199
5987805386260
5987805386316
5987805386380
5987805386440
5987805386501
5987805386561
5987805386621
5987805386682
5987805386741
5987805386801
5987805386861
5987805386923
5987805387172
5987805387232
5987805387293
5987805387354
5987805387414
5987805387475
5987805387535
5987805387596
5987805387656
5987805387717
5987805387778
5987805387837
5987805387898
5987805387958
5987805388024
5987805388085
5987805388146
5987805388206
5987805388268
5987805388329
5987805389411
5987805390005
5987805390064
5987805390142
5987805390204
5987805390264
5987805390324
5987805390386
5987805390447
5987805390507
5987805390568
5987805390747
5987805391950
5987805393057
5987805393750
5987805393843
5987805393903
5987805393964
5987805394025
5987805394085
5987805394146
5987805394206
5987805394267
5987805394328
5987805394388
5987805394465
5987805394528
5987805394594
5987805395722
5987805396930
5987805397119
5987805397180
5987805397241
5987805397301
5987805397362
5987805397423
5987805397484
5987805397544
5987805397605
5987805397667
5987805398311
5987805398371
5987805398432
5987805398493
5987805398553
5987805398615
5987805398675
5987805398736
5987805398797
5987805398857
5987805398918
5987805398979
5987805399039
5987805400189
5987805400438
5987805400497
5987805400557
5987805400618
5987805400678
5987805400738
5987805400806
5987805400867
5987805400927
5987805400988
5987805401150
5987805401886
5987805401942
5987805402020
5987805402082
5987805402147
5987805402207
5987805402268
5987805402329
5987805402390
5987805402451
5987805402512
5987805402573
5987805402633
5987805402705
5987805402765
5987805402831
5987805402892
5987805402952
5987805403013
5987805403073
5987805403133
5987805403195
5987805403259
5987805403768
5987805403828
5987805403890
5987805403950
5987805404011
5987805404072
5987805404132
5987805404192
5987805404254
5987805404314
5987805404440
5987805404501
5987805404562
5987805404623
5987805404683
5987805404745
5987805404805
5987805404865
5987805404927
5987805404996
5987805405986
5987805406045
5987805406106
5987805406167
5987805406229
5987805406291
5987805406353
5987805406414
5987805406474
5987805406535
5987805406680
5987805407760
5987805408925
5987805409472
5987805409572
5987805409633
5987805409694
5987805409755
5987805409822
5987805409883
5987805409943
5987805410004
5987805410065
5987805410128
5987805410196
5987805410257
5987805410341
5987805410640
5987805411057
5987805411720
5987805411782
5987805411843
5987805411904
5987805411966
5987805412060
5987805412127
5987805412196
5987805412317
5987805412378
5987805412440
5987805412498
5987805412630
5987805412684
5987805412789
5987805412847
5987805412908
5987805412968
5987805413029
5987805413090
5987805413151
5987805413212
5987805413275
5987805413332
5987805413403
5987805413455
5987805413516
5987805413577
5987805413638
5987805413701
5987805413760
5987805413824
5987805413884
5987805413943
5987805414004
5987805414066
5987805414128
5987805414187
5987805414249
5987805414309
5987805414369
5987805414435
5987805414495
5987805414555
5987805414616
5987805414677
5987805414743
5987805414805
5987805414871
5987805414927
5987805414992
5987805415052
5987805415112
5987805415169
5987805415236
5987805415297
5987805415358
5987805415418
5987805415477
5987805415538
5987805415599
5987805415661
5987805415726
5987805415786
5987805415847
5987805415908
5987805415969
5987805416030
5987805416091
5987805416214
5987805416588
5987805416651
5987805416711
5987805416773
5987805416834
5987805416880
5987805416967
5987805417025
5987805417085
5987805417146
5987805417207
5987805417346
5987805418428
5987805419574
5987805419949
5987805420010
5987805420069
5987805420131
5987805420191
5987805420253
5987805420314
5987805420373
5987805420434
5987805420495
5987805420555
5987805420616
5987805420677
5987805420739
5987805421175
5987805421734
5987805421795
5987805421856
5987805421916
5987805421977
5987805422039
5987805422100
5987805422162
5987805422223
5987805422284
5987805422347
5987805422408
5987805422468
5987805422527
5987805422588
5987805422648
5987805422711
5987805422772
5987805422959
5987805424116
5987805425248
5987805426389
5987805427492
5987805427549
5987805427628
5987805427690
5987805427756
5987805427816
5987805427877
5987805427998
5987805428059
5987805428119
5987805428179
5987805428241
5987805428302
5987805428362
5987805428424
5987805428485
5987805428550
5987805428612
5987805428672
5987805428733
5987805428795
5987805428855
5987805428916
5987805428977
5987805429120
5987805430200
5987805431295
5987805432381
5987805433342
5987805433402
5987805433462
5987805433523
5987805433584
5987805433643
5987805433702
5987805433763
5987805433823
5987805433884
5987805433945
5987805434024
5987805434086
5987805434148
5987805434208
5987805434268
5987805434328
5987805434484
5987805435565
5987805435976
5987805436027
5987805436106
5987805436167
5987805436227
5987805436288
5987805436349
5987805436409
5987805436469
5987805436537
5987805436597
5987805436657
5987805436718
5987805436778
5987805437990
5987805439141
5987805439296
5987805440376
5987805441456
5987805442597
5987805443738
5987805444845
5987805445926
5987805447068
5987805448148
5987805449348
5987805450430
5987805451521
5987805452647
5987805453797
5987805454979
5987805456128
5987805457208
5987805457332
5987805458511
5987805459625
5987805460707
5987805461923
5987805462072
5987805462132
5987805462194
5987805462255
5987805462301
5987805462376
5987805462437
5987805462497
5987805462558
5987805462618
5987805462703
5987805462765
5987805462826
5987805462888
5987805462948
5987805463011
5987805463071
5987805463133
5987805463196
5987805463258
5987805463316
5987805463378
5987805463440
5987805463502
5987805463562
5987805463623
5987805463683
5987805463745
5987805463806
5987805463854
5987805463934
5987805464001
5987805464067
5987805464127
5987805464189
5987805464251
5987805464311
5987805464372
5987805464432
5987805464492
5987805464556
5987805464656
5987805464817
5987805464877
5987805464937
5987805464999
5987805465060
5987805465120
5987805465182
5987805465247
5987805465308
5987805465369
5987805465428
5987805465489
5987805465549
