5987805379539
5987805379597
5987805379657
5987805379719
5987805379786
5987805379845
5987805379906
5987805379968
5987805380027
5987805380091
5987805380150
5987805380217
5987805380271
5987805380338
5987805380408
5987805380471
5987805380532
5987805380595
5987805380653
5987805380716
5987805380774
5987805380834
5987805380896
5987805380956
5987805381017
5987805381078
5987805381138
5987805381202
5987805381264
5987805381326
5987805381387
5987805381447
5987805381508
5987805381569
5987805381630
5987805381693
5987805381751
5987805381812
5987805381873
5987805381934
5987805381998
5987805382057
5987805382120
5987805382180
5987805382243
5987805382303
5987805382365
5987805382430
5987805382493
5987805382553
5987805382661
5987805382887
5987805382960
5987805383024
5987805383081
5987805383141
5987805383203
5987805383262
5987805383323
5987805383383
5987805383445
5987805383504
5987805383567
5987805383626
5987805383690
5987805383748
5987805383811
5987805383870
5987805383932
5987805383991
5987805384056
5987805384113
5987805384175
5987805384239
5987805384301
5987805384360
5987805384424
5987805384494
5987805384552
5987805384614
5987805384673
5987805384735
5987805384793
5987805384862
5987805384921
5987805384983
5987805385042
5987805385106
5987805385165
5987805385229
5987805385288
5987805385350
5987805385440
5987805385497
5987805385565
5987805385653
5987805385716
5987805385775
5987805385838
5987805385896
5987805385959
5987805386018
5987805386088
5987805386146
5987805386210
5987805386269
5987805386332
5987805386391
5987805386455
5987805386514
5987805386574
5987805386635
5987805386702
5987805386760
5987805386823
5987805386882
5987805387707
5987805387765
5987805387827
5987805387888
5987805387950
5987805388008
5987805388071
5987805388130
5987805388193
5987805388253
5987805388315
5987805388374
5987805388438
5987805388497
5987805388563
5987805388623
5987805388690
5987805388747
5987805388810
5987805388869
5987805388929
5987805388993
5987805389052
5987805389113
5987805389177
5987805389236
5987805389299
5987805389359
5987805389422
5987805389481
5987805389545
5987805389604
5987805389734
5987805389792
5987805389855
5987805389914
5987805389977
5987805390037
5987805390100
5987805390159
5987805390223
5987805390281
5987805390341
5987805390403
5987805390463
5987805390526
5987805390585
5987805390647
5987805390707
5987805390770
5987805390831
5987805390893
5987805390953
5987805391016
5987805391077
5987805391137
5987805391207
5987805391268
5987805391329
5987805391390
5987805391451
5987805391511
5987805391573
5987805391633
5987805391694
5987805391756
5987805391872
5987805392053
5987805392113
5987805392177
5987805392237
5987805392297
5987805392359
5987805392423
5987805392480
5987805392544
5987805392605
5987805392665
5987805392723
5987805392773
5987805392854
5987805392913
5987805392974
5987805393037
5987805393090
5987805393153
5987805393214
5987805393277
5987805393352
5987805393417
5987805393479
5987805393539
5987805393599
5987805393659
5987805393719
5987805393787
5987805393848
5987805393909
5987805393969
5987805394030
5987805394089
5987805394152
5987805394214
5987805394273
5987805394337
5987805394396
5987805394473
5987805394581
5987805394638
5987805394700
5987805394773
5987805394828
5987805394891
5987805394952
5987805395010
5987805395099
5987805395158
5987805395226
5987805395287
5987805395348
5987805395409
5987805395469
5987805395529
5987805395592
5987805395652
5987805395713
5987805395775
5987805395835
5987805395896
5987805395957
5987805396018
5987805396078
5987805396140
5987805396201
5987805396261
5987805396322
5987805396383
5987805396444
5987805396505
5987805396566
5987805396627
5987805396690
5987805396750
5987805396811
5987805396875
5987805396936
5987805396996
5987805397057
5987805397120
5987805397180
5987805397241
5987805397301
5987805397362
5987805397424
5987805397484
5987805397545
5987805397607
5987805397668
5987805397728
5987805397789
5987805397849
5987805397910
5987805397991
5987805398052
5987805398112
5987805398172
5987805398234
5987805398295
5987805398356
5987805398418
5987805398479
5987805398540
5987805398601
5987805398662
5987805398724
5987805398785
5987805398847
5987805398907
5987805398968
5987805399030
5987805399090
5987805399151
5987805399209
5987805399272
5987805399333
5987805399394
5987805399455
5987805399516
5987805399576
5987805399637
5987805399698
5987805399758
5987805399820
5987805399977
5987805400756
5987805400816
5987805400877
5987805400939
5987805400999
5987805401060
5987805401121
5987805401182
5987805401243
5987805401304
5987805401366
5987805401460
5987805402602
5987805403164
5987805403226
5987805403286
5987805403354
5987805403416
5987805403483
5987805403544
5987805403605
5987805403666
5987805403727
5987805404808
5987805404871
5987805404932
5987805404993
5987805405042
5987805405105
5987805405166
5987805405226
5987805405288
5987805405352
5987805405531
5987805405795
5987805405907
5987805405965
5987805406033
5987805406094
5987805406155
5987805406216
5987805406276
5987805406337
5987805406398
5987805406459
5987805406519
5987805406580
5987805406646
5987805407772
5987805408852
5987805408975
5987805409036
5987805409096
5987805409157
5987805409217
5987805409279
5987805409339
5987805409400
5987805409461
5987805409522
5987805409582
5987805409643
5987805409703
5987805409764
5987805409825
5987805409887
5987805409948
5987805410014
5987805410074
5987805410134
5987805410196
5987805410344
5987805410447
5987805410508
5987805410569
5987805410629
5987805410689
5987805410751
5987805410811
5987805410871
5987805410932
5987805410992
5987805411053
5987805411113
5987805411174
5987805411235
5987805411297
5987805411358
5987805411416
5987805411506
5987805411564
5987805411625
5987805411687
5987805411746
5987805411807
5987805411867
5987805411927
5987805411988
5987805412050
5987805412110
5987805412170
5987805412232
5987805412292
5987805413321
5987805413388
5987805413448
5987805413509
5987805413569
5987805413630
5987805413697
5987805413758
5987805413819
5987805413886
5987805413942
5987805414003
5987805414063
5987805414130
5987805414185
5987805414247
5987805414308
5987805414369
5987805414426
5987805414510
5987805414570
5987805414631
5987805414692
5987805414754
5987805414815
5987805414876
5987805414938
5987805414999
5987805415059
5987805415120
5987805415181
5987805415241
5987805415302
5987805415363
5987805415424
5987805415666
5987805415730
5987805415789
5987805415847
5987805415909
5987805415966
5987805416029
5987805416090
5987805416151
5987805416209
5987805416272
5987805416334
5987805416394
5987805416455
5987805416538
5987805416647
5987805416707
5987805416766
5987805416835
5987805416904
5987805416965
5987805417026
5987805417086
5987805417146
5987805417208
5987805417268
5987805417332
5987805417392
5987805417454
5987805417514
5987805417575
5987805417636
5987805417697
5987805417761
5987805417841
5987805417904
5987805417965
5987805418026
5987805418087
5987805418149
5987805418207
5987805418272
5987805418337
5987805418397
5987805418461
5987805418521
5987805418579
5987805418641
5987805418704
5987805418764
5987805418823
5987805418884
5987805418949
5987805419011
5987805419072
5987805419133
5987805419195
5987805419257
5987805419325
5987805419385
5987805419446
5987805419507
5987805419568
5987805419629
5987805419689
5987805419749
5987805419810
5987805419871
5987805419932
5987805419992
5987805420057
5987805420117
5987805420179
5987805420239
5987805420299
5987805420361
5987805420422
5987805420483
5987805420544
5987805420606
5987805420667
5987805420729
5987805420842
5987805421104
5987805421163
5987805421224
5987805421285
5987805421346
5987805421407
5987805421467
5987805421527
5987805421588
5987805421649
5987805421707
5987805421792
5987805421854
5987805421913
5987805421974
5987805422034
5987805422097
5987805422158
5987805422219
5987805422281
5987805422339
5987805422402
5987805422463
5987805422525
5987805422585
5987805422645
5987805422706
5987805422768
5987805422828
5987805422888
5987805422951
5987805423014
5987805423078
5987805423139
5987805423200
5987805423261
5987805423322
5987805423384
5987805423444
5987805423507
5987805423567
5987805423629
5987805423753
5987805423816
5987805423878
5987805423939
5987805424023
5987805424084
5987805424144
5987805424205
5987805424265
5987805424323
5987805424387
5987805424445
5987805424505
5987805424567
5987805424628
5987805424689
5987805424750
5987805424810
5987805424871
5987805424932
5987805424993
5987805425054
5987805425191
5987805426129
5987805426193
5987805426253
5987805426314
5987805426375
5987805426435
5987805426497
5987805426557
5987805426618
5987805426679
5987805426874
5987805427111
5987805427170
5987805427231
5987805427293
5987805427353
5987805427415
5987805427476
5987805427534
5987805427597
5987805427658
5987805427810
5987805428890
5987805429971
5987805431174
5987805431424
5987805431479
5987805431558
5987805431620
5987805431685
5987805431745
5987805431806
5987805431866
5987805431928
5987805431990
5987805432055
5987805432115
5987805432176
5987805432234
5987805432295
5987805432356
5987805432414
5987805432478
5987805432538
5987805432599
5987805432659
5987805432719
5987805432779
5987805432840
5987805432903
5987805432964
5987805433024
5987805433085
5987805433144
5987805433206
5987805433266
5987805433328
5987805433390
5987805433450
5987805433512
5987805433571
5987805433631
5987805433692
5987805433753
5987805433813
5987805433873
5987805433937
5987805433996
5987805434057
5987805434119
5987805434179
5987805434240
5987805434301
5987805434369
5987805435030
5987805435090
5987805435150
5987805435211
5987805435273
5987805435335
5987805435396
5987805435457
5987805435517
5987805435579
5987805435638
5987805435699
5987805435757
5987805435821
5987805435879
5987805435940
5987805436002
5987805436062
5987805436122
5987805436182
5987805436244
5987805436305
5987805436367
5987805436427
5987805436487
5987805436549
5987805436617
5987805436681
5987805436743
5987805436804
5987805436864
5987805436925
5987805436992
5987805437053
5987805437115
5987805437233
5987805437518
5987805437578
5987805437639
5987805437700
5987805437762
5987805437822
5987805437883
5987805437945
5987805438006
5987805438066
5987805438129
5987805438191
5987805438296
5987805438357
5987805438417
5987805438480
5987805438540
5987805438600
5987805438662
5987805438722
5987805438785
5987805439578
5987805439633
5987805439694
5987805439756
5987805439817
5987805439878
5987805439939
5987805439999
5987805440061
5987805440123
5987805440184
5987805440245
5987805440306
5987805440475
5987805441617
5987805441680
5987805441741
5987805441804
5987805441864
5987805441924
5987805441985
5987805442045
5987805442107
5987805442168
5987805442228
5987805443308
5987805444388
5987805445469
5987805446548
5987805446617
5987805446677
5987805446739
5987805446799
5987805446859
5987805446920
5987805446982
5987805447042
5987805447102
5987805447284
5987805447346
5987805447407
5987805447468
5987805447528
5987805447589
5987805447650
5987805447710
5987805447770
5987805447831
5987805448011
5987805448540
5987805448601
5987805448663
5987805448760
5987805448820
5987805448882
5987805448943
5987805449006
5987805449092
5987805449153
5987805449214
5987805449281
5987805449341
5987805449403
5987805449463
5987805449523
5987805449584
5987805449644
5987805449704
5987805449766
5987805449826
5987805450906
5987805452018
5987805453201
5987805454307
5987805455424
5987805456575
5987805457687
5987805458898
5987805459978
5987805461059
5987805462177
5987805463289
5987805464369
5987805465449
