5987805380132
5987805380682
5987805381848
5987805383054
5987805383899
5987805383958
5987805384019
5987805384080
5987805384141
5987805384201
5987805384263
5987805384323
5987805384383
5987805384448
5987805384549
5987805384927
5987805385215
5987805385513
5987805385825
5987805386123
5987805386905
5987805388053
5987805388838
5987805388898
5987805388957
5987805389020
5987805389081
5987805389136
5987805389235
5987805389297
5987805389357
5987805389418
5987805389479
5987805389539
5987805389599
5987805389662
5987805389726
5987805389787
5987805389848
5987805389922
5987805389989
5987805390050
5987805390109
5987805390174
5987805390234
5987805390295
5987805390367
5987805390423
5987805390487
5987805390545
5987805390607
5987805390703
5987805390880
5987805390943
5987805391006
5987805391067
5987805391127
5987805391187
5987805391248
5987805391309
5987805391367
5987805391429
5987805391489
5987805391550
5987805391671
5987805392603
5987805392663
5987805392727
5987805392789
5987805392849
5987805392910
5987805392972
5987805393033
5987805393094
5987805393155
5987805393216
5987805393276
5987805393336
5987805393398
5987805393577
5987805394198
5987805394259
5987805394317
5987805394381
5987805394441
5987805394501
5987805394563
5987805394624
5987805394684
5987805394744
5987805394804
5987805394866
5987805394927
5987805395077
5987805396157
5987805396220
5987805396280
5987805396341
5987805396401
5987805396462
5987805396523
5987805396584
5987805396644
5987805396704
5987805396767
5987805396878
5987805397205
5987805397299
5987805397363
5987805397423
5987805397485
5987805397546
5987805397607
5987805397667
5987805397726
5987805397789
5987805397849
5987805397911
5987805397970
5987805398106
5987805398167
5987805398228
5987805398288
5987805398348
5987805398410
5987805398470
5987805398530
5987805398590
5987805398652
5987805398712
5987805398775
5987805398853
5987805398919
5987805398980
5987805399040
5987805399102
5987805399162
5987805399222
5987805399284
5987805399432
5987805399495
5987805399553
5987805399622
5987805399685
5987805399746
5987805399807
5987805399868
5987805399931
5987805399991
5987805400052
5987805400133
5987805400194
5987805400254
5987805400315
5987805400373
5987805400435
5987805400496
5987805400578
5987805401659
5987805401722
5987805401782
5987805401843
5987805401904
5987805401965
5987805402027
5987805402092
5987805402152
5987805402213
5987805402385
5987805402775
5987805402838
5987805402900
5987805402964
5987805403026
5987805403073
5987805403181
5987805403243
5987805403300
5987805403367
5987805403426
5987805403486
5987805403546
5987805403609
5987805403674
5987805403734
5987805403796
5987805403857
5987805403917
5987805403983
5987805404045
5987805404100
5987805404162
5987805404222
5987805404283
5987805404340
5987805404408
5987805404475
5987805404521
5987805404566
5987805404627
5987805404679
5987805404740
5987805404801
5987805404860
5987805404923
5987805404984
5987805405045
5987805405107
5987805405167
5987805405228
5987805405288
5987805405350
5987805405411
5987805405471
5987805405575
5987805405635
5987805405697
5987805405755
5987805405815
5987805405876
5987805405938
5987805405999
5987805406060
5987805406121
5987805406181
5987805406243
5987805406340
5987805406402
5987805406463
5987805406521
5987805406583
5987805406646
5987805406707
5987805406764
5987805406824
5987805406884
5987805407006
5987805407066
5987805407127
5987805407188
5987805407249
5987805407309
5987805407371
5987805407431
5987805407491
5987805407552
5987805407612
5987805407673
5987805407735
5987805407796
5987805407857
5987805407918
5987805407979
5987805408040
5987805408128
5987805408190
5987805408251
5987805408313
5987805408379
5987805408465
5987805408524
5987805408585
5987805408646
5987805408708
5987805408770
5987805408831
5987805408892
5987805408954
5987805409014
5987805409075
5987805409135
5987805409195
5987805409256
5987805409318
5987805409378
5987805409439
5987805409500
5987805409561
5987805409622
5987805409685
5987805409745
5987805409806
5987805409871
5987805409932
5987805409992
5987805410054
5987805410114
5987805410175
5987805410237
5987805410298
5987805410359
5987805410421
5987805410481
5987805410542
5987805410603
5987805410664
5987805410724
5987805410785
5987805410845
5987805410906
5987805410967
5987805411028
5987805411088
5987805411150
5987805411210
5987805411271
5987805411332
5987805411393
5987805411454
5987805411515
5987805411575
5987805411635
5987805411696
5987805411757
5987805411817
5987805411872
5987805411960
5987805412020
5987805412082
5987805412143
5987805412203
5987805412264
5987805412325
5987805412385
5987805412447
5987805412507
5987805412568
5987805412629
5987805412690
5987805412820
5987805412880
5987805412940
5987805413001
5987805413062
5987805413124
5987805413186
5987805413247
5987805413308
5987805413369
5987805413429
5987805413489
5987805413551
5987805413611
5987805413677
5987805413739
5987805413799
5987805413860
5987805413921
5987805413982
5987805414042
5987805414105
5987805414165
5987805414232
5987805414291
5987805414352
5987805414412
5987805414474
5987805414534
5987805414595
5987805414657
5987805414718
5987805414778
5987805414840
5987805414900
5987805414961
5987805415022
5987805415083
5987805415144
5987805415206
5987805415266
5987805415327
5987805415388
5987805415449
5987805415509
5987805415574
5987805415639
5987805415700
5987805415760
5987805415821
5987805415882
5987805415942
5987805416003
5987805416069
5987805416131
5987805416234
5987805416295
5987805416360
5987805416422
5987805416482
5987805416543
5987805416605
5987805416666
5987805416726
5987805416788
5987805416849
5987805416909
5987805416970
5987805417031
5987805417092
5987805417153
5987805417218
5987805417288
5987805417347
5987805417409
5987805417471
5987805417539
5987805417594
5987805417654
5987805417716
5987805417776
5987805417837
5987805417899
5987805417960
5987805418020
5987805418080
5987805418142
5987805418200
5987805418264
5987805418324
5987805418384
5987805418446
5987805418507
5987805418568
5987805418629
5987805418689
5987805418751
5987805418900
5987805420023
5987805420209
5987805420268
5987805420328
5987805420436
5987805420496
5987805420558
5987805420620
5987805420678
5987805420741
5987805420802
5987805420863
5987805420923
5987805420991
5987805421046
5987805421184
5987805421268
5987805421339
5987805421390
5987805421468
5987805421573
5987805421633
5987805421694
5987805421755
5987805421815
5987805421876
5987805421937
5987805421997
5987805422056
5987805422119
5987805422180
5987805422242
5987805422303
5987805422363
5987805422424
5987805422485
5987805422546
5987805422606
5987805422669
5987805422728
5987805422791
5987805422849
5987805422910
5987805422971
5987805423072
5987805423278
5987805423339
5987805423400
5987805423461
5987805423521
5987805423582
5987805423643
5987805423705
5987805423765
5987805423826
5987805423888
5987805424061
5987805424783
5987805424837
5987805424899
5987805424960
5987805425020
5987805425081
5987805425142
5987805425202
5987805425263
5987805425325
5987805425386
5987805425446
5987805425507
5987805425588
5987805425648
5987805425709
5987805425771
5987805425831
5987805425891
5987805425956
5987805426017
5987805426077
5987805426138
5987805426198
5987805426258
5987805426319
5987805426379
5987805426491
5987805426551
5987805426612
5987805426672
5987805426740
5987805426802
5987805426863
5987805426923
5987805426985
5987805427127
5987805427551
5987805427608
5987805427669
5987805427731
5987805427791
5987805427851
5987805427913
5987805427974
5987805428035
5987805428097
5987805428158
5987805428219
5987805428280
5987805428340
5987805428401
5987805428462
5987805428524
5987805428585
5987805428645
5987805428707
5987805428767
5987805428827
5987805428888
5987805428949
5987805429010
5987805429072
5987805429132
5987805429193
5987805429254
5987805429314
5987805429375
5987805429436
5987805429497
5987805429558
5987805429619
5987805429779
5987805429841
5987805429901
5987805429964
5987805430025
5987805430086
5987805430152
5987805430212
5987805430272
5987805430340
5987805430401
5987805430462
5987805430524
5987805430584
5987805430644
5987805430706
5987805430766
5987805430826
5987805430888
5987805430948
5987805431777
5987805431839
5987805431900
5987805431962
5987805432022
5987805432077
5987805432143
5987805432203
5987805432263
5987805432325
5987805432390
5987805432451
5987805432511
5987805432572
5987805432637
5987805432695
5987805432757
5987805432816
5987805432876
5987805432937
5987805432997
5987805433057
5987805433117
5987805433179
5987805433239
5987805433300
5987805433362
5987805433422
5987805433483
5987805433544
5987805433605
5987805433665
5987805433729
5987805433793
5987805433854
5987805433914
5987805433975
5987805434036
5987805434098
5987805434160
5987805434226
5987805434286
5987805434347
5987805434408
5987805434467
5987805434528
5987805434589
5987805434649
5987805434711
5987805434772
5987805434832
5987805434893
5987805434953
5987805435013
5987805435076
5987805435136
5987805435197
5987805435258
5987805435319
5987805435379
5987805435441
5987805435501
5987805435559
5987805435619
5987805435680
5987805435740
5987805435801
5987805435866
5987805435927
5987805435991
5987805436053
5987805436112
5987805436173
5987805436233
5987805436294
5987805436355
5987805436416
5987805436474
5987805436584
5987805436644
5987805436706
5987805436768
5987805436828
5987805436891
5987805436952
5987805437012
5987805437073
5987805437140
5987805437203
5987805437325
5987805437541
5987805437602
5987805437663
5987805437724
5987805437786
5987805437847
5987805437907
5987805437969
5987805438048
5987805438156
5987805438217
5987805438279
5987805438340
5987805438401
5987805438463
5987805438530
5987805438596
5987805438656
5987805438719
5987805438780
5987805438840
5987805438902
5987805439021
5987805440103
5987805441305
5987805442512
5987805443565
5987805443626
5987805443686
5987805443748
5987805443808
5987805443869
5987805443930
5987805443992
5987805444052
5987805444113
5987805444175
5987805444365
5987805444933
5987805445027
5987805445087
5987805445149
5987805445210
5987805445268
5987805445332
5987805445393
5987805445453
5987805445515
5987805445576
5987805445638
5987805445699
5987805445759
5987805445820
5987805445881
5987805445945
5987805446006
5987805446066
5987805446128
5987805446189
5987805446249
5987805446310
5987805446490
5987805447289
5987805447354
5987805447418
5987805447480
5987805447541
5987805447601
5987805447662
5987805447722
5987805447782
5987805447843
5987805447903
5987805447965
5987805448026
5987805448088
5987805448194
5987805448262
5987805448322
5987805448385
5987805448446
5987805448507
5987805448567
5987805448629
5987805448689
5987805448750
5987805448810
5987805448871
5987805448931
5987805448994
5987805449054
5987805449116
5987805449176
5987805449236
5987805449298
5987805449358
5987805449418
5987805449484
5987805449544
5987805449676
5987805449737
5987805449797
5987805449864
5987805449913
5987805449985
5987805450046
5987805450109
5987805450190
5987805450262
5987805450326
5987805450389
5987805450450
5987805450510
5987805450570
5987805450631
5987805450691
5987805450753
5987805450814
5987805450895
5987805452044
5987805453203
5987805454284
5987805455364
5987805456444
5987805457534
5987805458615
5987805459756
5987805460836
5987805461929
5987805463062
5987805464264
5987805465466
